1765823891554 0.25298675894737244 0
1765823891622 0.081932432949543 1
1765823891683 0.41698816418647766 2
1765823891742 0.0478651188313961 3
1765823891801 0.11521980166435242 4
1765823891854 0.13483966886997223 5
1765823891923 0.13050009310245514 6
1765823891978 0.11685013025999069 7
1765823892046 0.09612395614385605 8
1765823892114 0.06916788965463638 9
1765823892172 0.040686629712581635 10
1765823892231 0.04699359089136124 11
1765823892293 0.061506059020757675 12
1765823892347 0.0429028682410717 13
1765823892411 0.03227533772587776 14
1765823892472 0.03155107423663139 15
1765823892539 0.03211082145571709 16
1765823892609 0.03277885541319847 17
1765823892682 0.03286716714501381 18
1765823892749 0.03212705999612808 19
1765823892823 0.03058652952313423 20
1765823892893 0.02846417762339115 21
1765823892960 0.026112087070941925 22
1765823893035 0.023945916444063187 23
1765823893104 0.022348269820213318 24
1765823893161 0.021477438509464264 25
1765823893224 0.021184450015425682 26
1765823893287 0.020774735137820244 27
1765823893351 0.020129194483160973 28
1765823893409 0.019212698563933372 29
1765823893475 0.0180944986641407 30
1765823893537 0.01691243052482605 31
1765823893599 0.015811676159501076 32
1765823893664 0.014891890808939934 33
1765823893729 0.014168203808367252 34
1765823893791 0.013563629239797592 35
1765823893854 0.012948870658874512 36
1765823893917 0.012202376499772072 37
1765823893982 0.011289352551102638 38
1765823894035 0.010316450148820877 39
1765823894098 0.00950663909316063 40
1765823894161 0.009085890837013721 41
1765823894226 0.009028200060129166 42
1765823894285 0.00896590854972601 43
1765823894347 0.008672380819916725 44
1765823894400 0.008471377193927765 45
1765823894454 0.008710644207894802 46
1765823894511 0.009087150916457176 47
1765823894571 0.00909299124032259 48
1765823894626 0.00884042214602232 49
1765823894688 0.00873732939362526 50
1765823894754 0.008756490424275398 51
1765823894819 0.008584113791584969 52
1765823894874 0.008233130909502506 53
1765823894935 0.007956352084875107 54
1765823895005 0.007836778648197651 55
1765823895071 0.0077905841171741486 56
1765823895134 0.007720025256276131 57
1765823895199 0.007631069514900446 58
1765823895259 0.007545205298811197 59
1765823895320 0.007481501437723637 60
1765823895380 0.007445332128554583 61
1765823895442 0.007427291013300419 62
1765823895503 0.007411103695631027 63
1765823895562 0.007384934462606907 64
1765823895617 0.007346781436353922 65
1765823895675 0.007303060498088598 66
1765823895730 0.0072622583247721195 67
1765823895786 0.0072292545810341835 68
1765823895855 0.007202775217592716 69
1765823895920 0.007177279330790043 70
1765823895982 0.007146853022277355 71
1765823896043 0.007108700927346945 72
1765823896106 0.007064475677907467 73
1765823896171 0.007018604781478643 74
1765823896227 0.0069751436822116375 75
1765823896292 0.006935672368854284 76
1765823896365 0.006898587569594383 77
1765823896436 0.006860850844532251 78
1765823896495 0.006820280570536852 79
1765823896558 0.006777170114219189 80
1765823896623 0.006733947899192572 81
1765823896687 0.006692851427942514 82
1765823896750 0.0066550010815262794 83
1765823896814 0.006618847604840994 84
1765823896879 0.006582316476851702 85
1765823896940 0.006544086150825024 86
1765823897000 0.0065042925998568535 87
1765823897062 0.006464364938437939 88
1765823897121 0.006425509694963694 89
1765823897183 0.006387642584741116 90
1765823897247 0.006349565461277962 91
1765823897306 0.006309977732598782 92
1765823897358 0.006268684286624193 93
1765823897421 0.006226429715752602 94
1765823897484 0.006184267345815897 95
1765823897548 0.006142416503280401 96
1765823897611 0.006100282538682222 97
1765823897672 0.0060570514760911465 98
1765823897737 0.0060125780291855335 99
1765823897809 0.0059674750082194805 100
1765823897884 0.005922461394220591 101
1765823897965 0.005877604708075523 102
1765823898038 0.00583246536552906 103
1765823898107 0.005786544177681208 104
1765823898176 0.00573989050462842 105
1765823898247 0.005692935083061457 106
1765823898316 0.00564595777541399 107
1765823898373 0.005598670803010464 108
1765823898429 0.005550642032176256 109
1765823898498 0.005501650273799896 110
1765823898555 0.005451952572911978 111
1765823898614 0.005402007605880499 112
1765823898679 0.005351747386157513 113
1765823898742 0.005300791002810001 114
1765823898802 0.005249074660241604 115
1765823898859 0.005196922924369574 116
1765823898922 0.00514454860240221 117
1765823898981 0.005091745872050524 118
1765823899042 0.0050382656045258045 119
1765823899105 0.004984362982213497 120
1765823899166 0.004930362571030855 121
1765823899232 0.004876335151493549 122
1765823899298 0.004822148010134697 123
1765823899360 0.004767837002873421 124
1765823899413 0.004713787231594324 125
1765823899476 0.004659915808588266 126
1765823899540 0.004606022033840418 127
1765823899608 0.00455219903960824 128
1765823899666 0.004498757887631655 129
1765823899727 0.00444580614566803 130
1765823899796 0.004393379203975201 131
1765823899855 0.004341823980212212 132
1765823899914 0.00429120659828186 133
1765823899963 0.004241377580910921 134
1765823900020 0.004192818887531757 135
1765823900074 0.004145663231611252 136
1765823900136 0.004099832847714424 137
1765823900202 0.004055597819387913 138
1765823900283 0.004012592136859894 139
1765823900360 0.003971136175096035 140
1765823900435 0.003931318409740925 141
1765823900513 0.0038939504884183407 142
1765823900586 0.003857946489006281 143
1765823900664 0.0038235282991081476 144
1765823900740 0.003790787188336253 145
1765823900811 0.0037593236193060875 146
1765823900870 0.0037291045300662518 147
1765823900933 0.003699525259435177 148
1765823900996 0.0036708007100969553 149
1765823901060 0.0036424552090466022 150
1765823901123 0.003614368848502636 151
1765823901190 0.0035864021629095078 152
1765823901252 0.003558542113751173 153
1765823901301 0.00353070511482656 154
1765823901364 0.0035029372666031122 155
1765823901425 0.0034750511404126883 156
1765823901489 0.003447179449722171 157
1765823901551 0.003419348504394293 158
1765823901617 0.003391644451767206 159
1765823901681 0.0033641087356954813 160
1765823901747 0.0033366784919053316 161
1765823901808 0.0033095479011535645 162
1765823901862 0.0032826014794409275 163
1765823901926 0.003255871357396245 164
1765823901993 0.0032294229604303837 165
1765823902056 0.003203323110938072 166
1765823902112 0.003177537815645337 167
1765823902176 0.0031521162018179893 168
1765823902244 0.003126974916085601 169
1765823902307 0.003102055983617902 170
1765823902369 0.003077519591897726 171
1765823902421 0.003053275402635336 172
1765823902482 0.0030295036267489195 173
1765823902541 0.0030060482677072287 174
1765823902601 0.0029827430844306946 175
1765823902660 0.002959798090159893 176
1765823902723 0.0029373602010309696 177
1765823902783 0.0029151274356991053 178
1765823902852 0.0028931074775755405 179
1765823902916 0.0028714174404740334 180
1765823902977 0.0028499350883066654 181
1765823903037 0.0028284587897360325 182
1765823903112 0.002807200187817216 183
1765823903189 0.0027862645220011473 184
1765823903261 0.0027657535392791033 185
1765823903333 0.0027456211391836405 186
1765823903406 0.002725582802668214 187
1765823903486 0.002705819671973586 188
1765823903564 0.002686431398615241 189
1765823903640 0.002667546272277832 190
1765823903712 0.0026490676682442427 191
1765823903781 0.0026307941880077124 192
1765823903853 0.0026127619203180075 193
1765823903925 0.0025950109120458364 194
1765823903981 0.002577497623860836 195
1765823904033 0.002560241613537073 196
1765823904092 0.0025432247202843428 197
1765823904162 0.0025264620780944824 198
1765823904231 0.002509946934878826 199
1765823904297 0.002493704669177532 200
1765823904362 0.002477712696418166 201
1765823904426 0.002461964264512062 202
1765823904485 0.0024464435409754515 203
1765823904550 0.002431145403534174 204
1765823904613 0.0024161036126315594 205
1765823904680 0.002401317935436964 206
1765823904739 0.0023867867421358824 207
1765823904806 0.0023724930360913277 208
1765823904865 0.0023584789596498013 209
1765823904930 0.0023447289131581783 210
1765823904995 0.002331217983737588 211
1765823905060 0.0023179207928478718 212
1765823905124 0.00230487366206944 213
1765823905182 0.0022920817136764526 214
1765823905245 0.0022795714903622866 215
1765823905301 0.00226728618144989 216
1765823905362 0.0022552567534148693 217
1765823905432 0.0022434655111283064 218
1765823905486 0.0022319394629448652 219
1765823905548 0.0022206471767276525 220
1765823905601 0.0022095986641943455 221
1765823905666 0.002198785776272416 222
1765823905730 0.002188179176300764 223
1765823905791 0.002177795860916376 224
1765823905853 0.002167585538700223 225
1765823905918 0.002157578943297267 226
1765823905976 0.0021477851551026106 227
1765823906035 0.0021382251288741827 228
1765823906099 0.0021289042197167873 229
1765823906155 0.002119800541549921 230
1765823906217 0.0021109385415911674 231
1765823906281 0.002102287020534277 232
1765823906349 0.0020938445813953876 233
1765823906422 0.0020856023766100407 234
1765823906497 0.0020775271113961935 235
1765823906557 0.0020696280989795923 236
1765823906617 0.002061910927295685 237
1765823906682 0.0020543751306831837 238
1765823906747 0.002047020010650158 239
1765823906806 0.0020398548804223537 240
1765823906860 0.002032856922596693 241
1765823906918 0.0020260289311408997 242
1765823906984 0.002019366482272744 243
1765823907046 0.002012863988056779 244
1765823907101 0.0020065305288881063 245
1765823907166 0.0020003612153232098 246
1765823907223 0.001994337886571884 247
1765823907284 0.0019884647335857153 248
1765823907345 0.0019827354699373245 249
1765823907413 0.001977141248062253 250
1765823907480 0.001971692778170109 251
1765823907533 0.0019664019346237183 252
1765823907590 0.001961229834705591 253
1765823907648 0.0019561799708753824 254
1765823907710 0.0019512494327500463 255
1765823907765 0.001946437987498939 256
1765823907830 0.0019417457515373826 257
1765823907888 0.0019371559610590339 258
1765823907950 0.0019326719921082258 259
1765823908014 0.001928284764289856 260
1765823908071 0.0019240009132772684 261
1765823908143 0.0019198220688849688 262
1765823908211 0.001915749511681497 263
1765823908281 0.0019117753254249692 264
1765823908354 0.0019078976474702358 265
1765823908432 0.0019041129853576422 266
1765823908513 0.0019004198256880045 267
1765823908591 0.0018968143267557025 268
1765823908658 0.0018932835664600134 269
1765823908722 0.0018898359267041087 270
1765823908793 0.0018864610465243459 271
1765823908866 0.0018831685883924365 272
1765823908929 0.0018799575045704842 273
1765823908987 0.001876822323538363 274
1765823909049 0.001873762346804142 275
1765823909103 0.0018707789713516831 276
1765823909166 0.0018678683554753661 277
1765823909220 0.0018650236306712031 278
1765823909278 0.0018622410716488957 279
1765823909341 0.0018595097353681922 280
1765823909404 0.0018568451050668955 281
1765823909459 0.0018542471807450056 282
1765823909524 0.0018517101416364312 283
1765823909591 0.001849222811870277 284
1765823909651 0.0018467949703335762 285
1765823909711 0.0018444318557158113 286
1765823909779 0.0018421250861138105 287
1765823909845 0.0018398727988824248 288
1765823909907 0.0018376762745901942 289
1765823909975 0.001835531322285533 290
1765823910038 0.0018334367778152227 291
1765823910103 0.0018313972977921367 292
1765823910167 0.0018294085748493671 293
1765823910228 0.0018274697940796614 294
1765823910291 0.0018255810718983412 295
1765823910360 0.0018237390322610736 296
1765823910423 0.0018219301709905267 297
1765823910486 0.0018201604252681136 298
1765823910546 0.0018184289801865816 299
1765823910609 0.00181673769839108 300
1765823910681 0.001815084251575172 301
1765823910750 0.0018134531565010548 302
1765823910813 0.0018118538428097963 303
1765823910871 0.0018102891044691205 304
1765823910937 0.0018087472999468446 305
1765823910995 0.0018072316888719797 306
1765823911061 0.0018057452980428934 307
1765823911126 0.0018043085001409054 308
1765823911179 0.0018029166385531425 309
1765823911246 0.0018015529494732618 310
1765823911309 0.0018002180149778724 311
1765823911370 0.0017989077605307102 312
1765823911433 0.0017976330127567053 313
1765823911496 0.0017964009894058108 314
1765823911555 0.001795202842913568 315
1765823911620 0.0017940468387678266 316
1765823911680 0.0017929300665855408 317
1765823911735 0.0017918371595442295 318
1765823911803 0.0017907766159623861 319
1765823911863 0.0017897452926263213 320
1765823911925 0.0017887362046167254 321
1765823911994 0.001787743647582829 322
1765823912060 0.0017867765855044127 323
1765823912117 0.0017858152277767658 324
1765823912177 0.0017848912393674254 325
1765823912238 0.0017839833162724972 326
1765823912301 0.0017831175355240703 327
1765823912361 0.0017823217203840613 328
1765823912425 0.0017816663021221757 329
1765823912480 0.0017812822479754686 330
1765823912545 0.0017813722370192409 331
1765823912598 0.0017820565262809396 332
1765823912664 0.001783196348696947 333
1765823912715 0.0017840615473687649 334
1765823912779 0.0017832120647653937 335
1765823912844 0.0017803836381062865 336
1765823912908 0.001776859164237976 337
1765823912969 0.0017750129336491227 338
1765823913030 0.0017753979191184044 339
1765823913091 0.001776598859578371 340
1765823913154 0.0017768478719517589 341
1765823913219 0.0017753440188243985 342
1765823913283 0.0017731883563101292 343
1765823913348 0.00177185726352036 344
1765823913413 0.0017718649469316006 345
1765823913483 0.0017723932396620512 346
1765823913547 0.0017723097698763013 347
1765823913608 0.001771309762261808 348
1765823913672 0.0017699572490528226 349
1765823913740 0.0017690430395305157 350
1765823913812 0.0017688431544229388 351
1765823913883 0.0017689915839582682 352
1765823913954 0.0017689164960756898 353
1765823914023 0.0017683334881439805 354
1765823914092 0.001767492271028459 355
1765823914159 0.0017667418578639627 356
1765823914221 0.0017663269536569715 357
1765823914284 0.001766201457940042 358
1765823914344 0.0017661297461017966 359
1765823914401 0.001765900757163763 360
1765823914464 0.0017654389375820756 361
1765823914522 0.0017648518551141024 362
1765823914577 0.001764307264238596 363
1765823914635 0.0017639028374105692 364
1765823914693 0.0017636449774727225 365
1765823914753 0.0017634666291996837 366
1765823914816 0.0017632771050557494 367
1765823914881 0.0017630185466259718 368
1765823914947 0.0017626795452088118 369
1765823915001 0.0017622956074774265 370
1765823915064 0.0017619170248508453 371
1765823915126 0.0017615766264498234 372
1765823915192 0.0017612852388992906 373
1765823915256 0.0017610349459573627 374
1765823915315 0.0017608142225071788 375
1765823915379 0.0017606045585125685 376
1765823915442 0.0017603982705622911 377
1765823915510 0.0017601895378902555 378
1765823915573 0.001759980688802898 379
1765823915637 0.0017597649712115526 380
1765823915706 0.0017595450626686215 381
1765823915763 0.001759332139045 382
1765823915821 0.0017591225914657116 383
1765823915877 0.0017589220078662038 384
1765823915943 0.0017587424954399467 385
1765823916009 0.0017585915047675371 386
1765823916072 0.0017584554152563214 387
1765823916134 0.0017583688022568822 388
1765823916200 0.0017583317821845412 389
1765823916263 0.0017583738081157207 390
1765823916323 0.001758495345711708 391
1765823916380 0.001758756348863244 392
1765823916436 0.0017591426149010658 393
1765823916499 0.001759696053341031 394
1765823916573 0.0017603012965992093 395
1765823916641 0.001760914921760559 396
1765823916701 0.0017611702205613256 397
1765823916765 0.0017609995556995273 398
1765823916819 0.001760011655278504 399
1765823916919 0.0017585423775017262 400
1765823917018 0.0017568469047546387 401
1765823917077 0.0017555117374286056 402
1765823917141 0.0017548289615660906 403
1765823917210 0.0017548048635944724 404
1765823917270 0.001755210803821683 405
1765823917333 0.0017557351384311914 406
1765823917399 0.0017561172135174274 407
1765823917459 0.001756145036779344 408
1765823917516 0.001755809411406517 409
1765823917572 0.0017551614437252283 410
1765823917634 0.0017544144066050649 411
1765823917697 0.0017537417588755488 412
1765823917754 0.0017532756319269538 413
1765823917817 0.0017530361656099558 414
1765823917881 0.0017529776087030768 415
1765823917943 0.0017530358163639903 416
1765823918005 0.0017531310440972447 417
1765823918060 0.0017532440833747387 418
1765823918121 0.001753302407450974 419
1765823918180 0.0017522471025586128 420
1765823918239 0.0017529746983200312 421
1765823918295 0.001752107753418386 422
1765823918357 0.001752690877765417 423
1765823918410 0.0017519707325845957 424
1765823918470 0.0017524311551824212 425
1765823918534 0.0017518352251499891 426
1765823918596 0.0017522004200145602 427
1765823918664 0.0017517012311145663 428
1765823918737 0.0017519827233627439 429
1765823918798 0.0017515687504783273 430
1765823918856 0.0017516132211312652 431
1765823918919 0.0017515619983896613 432
1765823918987 0.001751470728777349 433
1765823919056 0.001751494943164289 434
1765823919128 0.0017514455830678344 435
1765823919206 0.0017513737548142672 436
1765823919284 0.0017513844650238752 437
1765823919353 0.0017513365019112825 438
1765823919421 0.0017512785270810127 439
1765823919492 0.0017512785270810127 440
1765823919559 0.001751232543028891 441
1765823919621 0.0017512005288153887 442
1765823919681 0.0017511850455775857 443
1765823919736 0.0017511815531179309 444
1765823919796 0.0017511654878035188 445
1765823919848 0.0017511387122794986 446
1765823919900 0.0017511197365820408 447
1765823919968 0.0017511106561869383 448
1765823920035 0.0017510979669168591 449
1765823920089 0.0017510759644210339 450
1765823920154 0.0017510559409856796 451
1765823920213 0.0017510440666228533 452
1765823920277 0.0017510377801954746 453
1765823920343 0.0017510284669697285 454
1765823920405 0.0017510184552520514 455
1765823920467 0.0017510087927803397 456
1765823920532 0.0017510015750303864 457
1765823920595 0.001750995172187686 458
1765823920653 0.0017509881872683764 459
1765823920714 0.0017509795725345612 460
1765823920779 0.0017509701428934932 461
1765823920845 0.0017509614117443562 462
1765823920911 0.0017509544268250465 463
1765823920972 0.0017509504687041044 464
1765823921037 0.0017509469762444496 465
1765823921103 0.0017509427852928638 466
1765823921160 0.0017509384779259562 467
1765823921225 0.0017509344033896923 468
1765823921292 0.0017509300960227847 469
1765823921347 0.0017509261379018426 470
1765823921410 0.0017509227618575096 471
1765823921474 0.0017509185709059238 472
1765823921538 0.0017509146127849817 473
1765823921602 0.0017509105382487178 474
1765823921665 0.0017509085591882467 475
1765823921728 0.0017509066965430975 476
1765823921789 0.0017509047174826264 477
1765823921857 0.00175090238917619 478
1765823921908 0.0017509004101157188 479
1765823921971 0.0017508986638858914 480
1765823922028 0.0017508964519947767 481
1765823922093 0.0017508945893496275 482
1765823922155 0.0017508924938738346 483
1765823922220 0.001750890864059329 484
1765823922279 0.001750888884998858 485
1765823922342 0.0017508879536762834 486
1765823922405 0.0017508865566924214 487
1765823922464 0.0017508858582004905 488
1765823922523 0.001750884810462594 489
1765823922584 0.0017508834134787321 490
1765823922651 0.0017508822493255138 491
1765823922707 0.0017508817836642265 492
1765823922769 0.0017508802702650428 493
1765823922835 0.0017508792225271463 494
1765823922901 0.0017508786404505372 495
1765823922956 0.0017508775927126408 496
1765823923016 0.0017508766613900661 497
1765823923087 0.0017508764285594225 498
1765823891554 0.25298675894737244 0
