1765823891577 0.44873788952827454 0
1765823891642 0.2474532574415207 1
1765823891701 0.6386926770210266 2
1765823891762 0.18729104101657867 3
1765823891821 0.294034481048584 4
1765823891876 0.3186282217502594 5
1765823891945 0.3131900429725647 6
1765823891998 0.295912504196167 7
1765823892068 0.26823776960372925 8
1765823892133 0.22722013294696808 9
1765823892192 0.17108015716075897 10
1765823892249 0.16874094307422638 11
1765823892312 0.19707968831062317 12
1765823892366 0.16167223453521729 13
1765823892432 0.1472238004207611 14
1765823892492 0.14795395731925964 15
1765823892560 0.15035419166088104 16
1765823892634 0.15226459503173828 17
1765823892702 0.1525370329618454 18
1765823892773 0.15067771077156067 19
1765823892846 0.14670388400554657 20
1765823892914 0.1410970389842987 21
1765823892987 0.13448473811149597 22
1765823893057 0.12776295840740204 23
1765823893122 0.12207043170928955 24
1765823893179 0.1180376186966896 25
1765823893242 0.11662648618221283 26
1765823893305 0.11499139666557312 27
1765823893369 0.11289220303297043 28
1765823893428 0.11020722985267639 29
1765823893496 0.10706314444541931 30
1765823893555 0.10363449901342392 31
1765823893621 0.10028030723333359 32
1765823893686 0.09754739701747894 33
1765823893748 0.09551311284303665 34
1765823893810 0.09359317272901535 35
1765823893871 0.09151682257652283 36
1765823893936 0.08859129250049591 37
1765823894003 0.08481726050376892 38
1765823894053 0.08046568930149078 39
1765823894117 0.07685746252536774 40
1765823894180 0.07499724626541138 41
1765823894244 0.07498003542423248 42
1765823894302 0.07497891783714294 43
1765823894367 0.07363978773355484 44
1765823894418 0.07250106334686279 45
1765823894474 0.07330295443534851 46
1765823894530 0.0748448520898819 47
1765823894589 0.07491414994001389 48
1765823894644 0.0740036889910698 49
1765823894710 0.07370178401470184 50
1765823894773 0.07393362373113632 51
1765823894839 0.07322791963815689 52
1765823894892 0.07153698801994324 53
1765823894956 0.07016900181770325 54
1765823895028 0.06950661540031433 55
1765823895090 0.0692933201789856 56
1765823895156 0.06900536268949509 57
1765823895218 0.06864892691373825 58
1765823895280 0.06832361966371536 59
1765823895338 0.06809019297361374 60
1765823895400 0.06800884753465652 61
1765823895459 0.06800835579633713 62
1765823895524 0.06798408180475235 63
1765823895580 0.0678829699754715 64
1765823895637 0.06770981848239899 65
1765823895693 0.06749770790338516 66
1765823895750 0.06729283928871155 67
1765823895807 0.06710149347782135 68
1765823895878 0.06694918125867844 69
1765823895939 0.06679755449295044 70
1765823896000 0.0666462704539299 71
1765823896064 0.06647350639104843 72
1765823896127 0.06628703325986862 73
1765823896190 0.06610313057899475 74
1765823896245 0.06592411547899246 75
1765823896315 0.06577250361442566 76
1765823896387 0.06561172753572464 77
1765823896453 0.0654294565320015 78
1765823896513 0.0652276799082756 79
1765823896577 0.06501103192567825 80
1765823896643 0.06479189544916153 81
1765823896705 0.06456676125526428 82
1765823896769 0.06434217840433121 83
1765823896835 0.06413361430168152 84
1765823896897 0.063934326171875 85
1765823896957 0.06374435126781464 86
1765823897019 0.06355972588062286 87
1765823897082 0.0633760318160057 88
1765823897138 0.06319312006235123 89
1765823897202 0.06300701200962067 90
1765823897267 0.06281786412000656 91
1765823897326 0.06262137740850449 92
1765823897379 0.06241239607334137 93
1765823897439 0.06219662353396416 94
1765823897510 0.061984091997146606 95
1765823897568 0.06177430972456932 96
1765823897633 0.06156284362077713 97
1765823897693 0.06134849786758423 98
1765823897760 0.061131060123443604 99
1765823897834 0.060910966247320175 100
1765823897913 0.0606900118291378 101
1765823897986 0.060465723276138306 102
1765823898060 0.06023513898253441 103
1765823898128 0.05999736487865448 104
1765823898198 0.0597543865442276 105
1765823898267 0.059510376304388046 106
1765823898336 0.059266529977321625 107
1765823898393 0.059021610766649246 108
1765823898450 0.05877105891704559 109
1765823898518 0.05851453170180321 110
1765823898573 0.05825104936957359 111
1765823898636 0.0579826682806015 112
1765823898697 0.05770973116159439 113
1765823898763 0.0574309304356575 114
1765823898821 0.057145364582538605 115
1765823898878 0.05685385316610336 116
1765823898941 0.05655734986066818 117
1765823899002 0.05625340715050697 118
1765823899061 0.05595120042562485 119
1765823899122 0.055649880319833755 120
1765823899187 0.055349212139844894 121
1765823899252 0.05504429712891579 122
1765823899318 0.05473247170448303 123
1765823899379 0.0544157549738884 124
1765823899431 0.05409489944577217 125
1765823899495 0.05376868695020676 126
1765823899558 0.05344000831246376 127
1765823899626 0.053113631904125214 128
1765823899684 0.052788201719522476 129
1765823899750 0.05245406925678253 130
1765823899814 0.05210759490728378 131
1765823899873 0.05176868289709091 132
1765823899931 0.05144220218062401 133
1765823899982 0.051132749766111374 134
1765823900038 0.05084068328142166 135
1765823900093 0.050546467304229736 136
1765823900154 0.05025056377053261 137
1765823900227 0.049955762922763824 138
1765823900307 0.049666356295347214 139
1765823900384 0.04939458891749382 140
1765823900460 0.049149613827466965 141
1765823900537 0.04890667647123337 142
1765823900611 0.048659052699804306 143
1765823900687 0.04841303080320358 144
1765823900766 0.048183340579271317 145
1765823900831 0.04796624183654785 146
1765823900889 0.04776260256767273 147
1765823900951 0.04755457490682602 148
1765823901017 0.047354016453027725 149
1765823901078 0.047169145196676254 150
1765823901144 0.04698599502444267 151
1765823901209 0.04678954556584358 152
1765823901269 0.046586863696575165 153
1765823901320 0.046396128833293915 154
1765823901381 0.04621262103319168 155
1765823901443 0.04601980373263359 156
1765823901506 0.04582514613866806 157
1765823901575 0.045642297714948654 158
1765823901637 0.04546535015106201 159
1765823901698 0.045282866805791855 160
1765823901767 0.04509447515010834 161
1765823901826 0.044918134808540344 162
1765823901881 0.04474743455648422 163
1765823901947 0.04457284137606621 164
1765823902013 0.04439154639840126 165
1765823902073 0.04421466588973999 166
1765823902131 0.044049181044101715 167
1765823902196 0.04388454928994179 168
1765823902264 0.043715592473745346 169
1765823902324 0.043547842651605606 170
1765823902388 0.04338464513421059 171
1765823902441 0.043220531195402145 172
1765823902502 0.04305350035429001 173
1765823902558 0.04288957640528679 174
1765823902620 0.04272373393177986 175
1765823902682 0.04255770891904831 176
1765823902745 0.04239188879728317 177
1765823902811 0.04222859814763069 178
1765823902873 0.04206697270274162 179
1765823902934 0.04190518334507942 180
1765823902997 0.04174339026212692 181
1765823903064 0.04158101975917816 182
1765823903138 0.0414205901324749 183
1765823903211 0.04126416891813278 184
1765823903284 0.041108567267656326 185
1765823903357 0.04095233976840973 186
1765823903432 0.04079644754528999 187
1765823903513 0.04064266383647919 188
1765823903590 0.04049108549952507 189
1765823903663 0.040344275534152985 190
1765823903736 0.04020141810178757 191
1765823903804 0.04006022587418556 192
1765823903877 0.03991950675845146 193
1765823903945 0.03977988287806511 194
1765823904000 0.03964152932167053 195
1765823904051 0.0395040437579155 196
1765823904114 0.03936617076396942 197
1765823904183 0.039228565990924835 198
1765823904251 0.039091117680072784 199
1765823904317 0.03895370662212372 200
1765823904381 0.03881616145372391 201
1765823904447 0.03868044912815094 202
1765823904505 0.038544513285160065 203
1765823904569 0.0384085513651371 204
1765823904634 0.038273654878139496 205
1765823904698 0.03814326599240303 206
1765823904758 0.03801567107439041 207
1765823904826 0.037888675928115845 208
1765823904885 0.03776352480053902 209
1765823904950 0.0376412607729435 210
1765823905015 0.037522368133068085 211
1765823905078 0.037407923489809036 212
1765823905141 0.03729529306292534 213
1765823905201 0.037183839827775955 214
1765823905263 0.037073612213134766 215
1765823905318 0.036964066326618195 216
1765823905384 0.036859072744846344 217
1765823905448 0.03675871714949608 218
1765823905504 0.036661263555288315 219
1765823905568 0.036570411175489426 220
1765823905621 0.03648294880986214 221
1765823905686 0.036398995667696 222
1765823905749 0.03631966561079025 223
1765823905810 0.03624170646071434 224
1765823905872 0.036168456077575684 225
1765823905935 0.036094143986701965 226
1765823905995 0.036019131541252136 227
1765823906053 0.035948604345321655 228
1765823906117 0.03587818890810013 229
1765823906173 0.035811275243759155 230
1765823906236 0.03574436902999878 231
1765823906302 0.03567614033818245 232
1765823906372 0.035610031336545944 233
1765823906447 0.03554333373904228 234
1765823906518 0.03547651320695877 235
1765823906576 0.03541235625743866 236
1765823906637 0.03534872457385063 237
1765823906702 0.03528372943401337 238
1765823906767 0.03522041067481041 239
1765823906825 0.03515928238630295 240
1765823906878 0.03509823977947235 241
1765823906938 0.035038821399211884 242
1765823907002 0.03498457372188568 243
1765823907067 0.03492721542716026 244
1765823907120 0.03486993908882141 245
1765823907186 0.03481627255678177 246
1765823907240 0.03476029261946678 247
1765823907306 0.03470392897725105 248
1765823907365 0.03464948385953903 249
1765823907434 0.034595705568790436 250
1765823907498 0.03454531356692314 251
1765823907551 0.03449678793549538 252
1765823907608 0.03444916009902954 253
1765823907665 0.03440094366669655 254
1765823907731 0.03435487672686577 255
1765823907783 0.03430817648768425 256
1765823907854 0.03426097333431244 257
1765823907906 0.03421616181731224 258
1765823907970 0.034171558916568756 259
1765823908034 0.034127525985240936 260
1765823908092 0.0340864323079586 261
1765823908165 0.0340438112616539 262
1765823908231 0.034000035375356674 263
1765823908305 0.033959634602069855 264
1765823908379 0.03391771763563156 265
1765823908457 0.03387651965022087 266
1765823908540 0.03383961692452431 267
1765823908611 0.0338008813560009 268
1765823908677 0.03376254066824913 269
1765823908743 0.03372658044099808 270
1765823908817 0.03368896618485451 271
1765823908888 0.03365357965230942 272
1765823908947 0.033619657158851624 273
1765823909010 0.033585432916879654 274
1765823909070 0.03355276957154274 275
1765823909123 0.03352031484246254 276
1765823909186 0.03348822519183159 277
1765823909239 0.03345721587538719 278
1765823909297 0.033425815403461456 279
1765823909360 0.03339490294456482 280
1765823909424 0.03336411714553833 281
1765823909480 0.03333353251218796 282
1765823909545 0.033303264528512955 283
1765823909609 0.033273324370384216 284
1765823909668 0.0332430861890316 285
1765823909732 0.03321397677063942 286
1765823909800 0.033185455948114395 287
1765823909863 0.033159054815769196 288
1765823909928 0.03313293680548668 289
1765823909994 0.0331072099506855 290
1765823910057 0.03308292478322983 291
1765823910123 0.033059097826480865 292
1765823910186 0.03303559124469757 293
1765823910247 0.03301260247826576 294
1765823910313 0.0329897478222847 295
1765823910383 0.032967254519462585 296
1765823910441 0.032945673912763596 297
1765823910504 0.03292398154735565 298
1765823910564 0.032903384417295456 299
1765823910633 0.032883234322071075 300
1765823910701 0.03286334127187729 301
1765823910770 0.03284386545419693 302
1765823910830 0.03282508626580238 303
1765823910893 0.03280586004257202 304
1765823910958 0.03278728574514389 305
1765823911015 0.03276807442307472 306
1765823911082 0.03274930268526077 307
1765823911146 0.03273081034421921 308
1765823911200 0.032712265849113464 309
1765823911264 0.03269406035542488 310
1765823911328 0.0326758548617363 311
1765823911388 0.03265809640288353 312
1765823911452 0.03264050558209419 313
1765823911514 0.03262275457382202 314
1765823911576 0.032606158405542374 315
1765823911638 0.03258824720978737 316
1765823911698 0.03257383033633232 317
1765823911757 0.03255618363618851 318
1765823911824 0.03254435956478119 319
1765823911882 0.03252715989947319 320
1765823911948 0.0325172133743763 321
1765823912016 0.0325000062584877 322
1765823912080 0.032491959631443024 323
1765823912136 0.03247461095452309 324
1765823912196 0.03246866166591644 325
1765823912256 0.03244997188448906 326
1765823912318 0.03244702145457268 327
1765823912383 0.03242606297135353 328
1765823912443 0.032433539628982544 329
1765823912500 0.0324058011174202 330
1765823912563 0.032441556453704834 331
1765823912619 0.03239472582936287 332
1765823912683 0.032470788806676865 333
1765823912733 0.032402247190475464 334
1765823912798 0.03246878832578659 335
1765823912864 0.0323638916015625 336
1765823912930 0.03237750753760338 337
1765823912987 0.03233534097671509 338
1765823913047 0.03232378885149956 339
1765823913109 0.03237824887037277 340
1765823913173 0.032323263585567474 341
1765823913237 0.03236107900738716 342
1765823913302 0.03229566663503647 343
1765823913367 0.03229835629463196 344
1765823913439 0.03230975568294525 345
1765823913502 0.032280366867780685 346
1765823913565 0.03231915831565857 347
1765823913626 0.0322686992585659 348
1765823913693 0.03228515759110451 349
1765823913764 0.032261285930871964 350
1765823913835 0.03225117549300194 351
1765823913907 0.03227422758936882 352
1765823913975 0.0322415791451931 353
1765823914045 0.03226518630981445 354
1765823914112 0.03223230317234993 355
1765823914181 0.03223634883761406 356
1765823914240 0.032229434698820114 357
1765823914302 0.03221949562430382 358
1765823914363 0.03223127871751785 359
1765823914419 0.032210931181907654 360
1765823914487 0.0322205051779747 361
1765823914541 0.032201968133449554 362
1765823914596 0.03220145404338837 363
1765823914653 0.03219468146562576 364
1765823914712 0.032190389931201935 365
1765823914771 0.03218952193856239 366
1765823914835 0.03218244016170502 367
1765823914903 0.03218315169215202 368
1765823914964 0.03217560425400734 369
1765823915020 0.03217426687479019 370
1765823915084 0.03216931223869324 371
1765823915148 0.03216671571135521 372
1765823915213 0.0321631133556366 373
1765823915274 0.032159436494112015 374
1765823915333 0.03215692564845085 375
1765823915397 0.03215329721570015 376
1765823915463 0.032151300460100174 377
1765823915528 0.03214862197637558 378
1765823915591 0.03214559704065323 379
1765823915660 0.03214368596673012 380
1765823915727 0.03213976323604584 381
1765823915784 0.03213869407773018 382
1765823915838 0.032134268432855606 383
1765823915899 0.0321340374648571 384
1765823915963 0.032129619270563126 385
1765823916028 0.03213036432862282 386
1765823916090 0.03212565556168556 387
1765823916154 0.03212851658463478 388
1765823916220 0.032122522592544556 389
1765823916280 0.032129570841789246 390
1765823916340 0.032121773809194565 391
1765823916400 0.032133106142282486 392
1765823916456 0.032125022262334824 393
1765823916523 0.0321425199508667 394
1765823916596 0.0321347676217556 395
1765823916660 0.03215857967734337 396
1765823916719 0.03214222192764282 397
1765823916785 0.032162103801965714 398
1765823916838 0.0321308970451355 399
1765823916953 0.032133426517248154 400
1765823917037 0.032105885446071625 401
1765823917095 0.032101020216941833 402
1765823917163 0.03209327161312103 403
1765823917230 0.03209126740694046 404
1765823917288 0.032096799463033676 405
1765823917354 0.032095640897750854 406
1765823917417 0.0321066789329052 407
1765823917478 0.03209926187992096 408
1765823917533 0.032104238867759705 409
1765823917589 0.03209106996655464 410
1765823917653 0.032089319080114365 411
1765823917716 0.03207946568727493 412
1765823917773 0.03207634761929512 413
1765823917838 0.03207339718937874 414
1765823917902 0.03207135945558548 415
1765823917962 0.032073330134153366 416
1765823918024 0.03207344934344292 417
1765823918077 0.03207477182149887 418
1765823918140 0.03207474574446678 419
1765823918198 0.03206289932131767 420
1765823918257 0.03207201510667801 421
1765823918314 0.0320613831281662 422
1765823918376 0.03206979110836983 423
1765823918430 0.03206024318933487 424
1765823918488 0.03206692636013031 425
1765823918551 0.03205901384353638 426
1765823918619 0.032065410166978836 427
1765823918693 0.03205769509077072 428
1765823918758 0.03206253424286842 429
1765823918818 0.032056331634521484 430
1765823918875 0.03205797076225281 431
1765823918940 0.032057296484708786 432
1765823919008 0.03205523639917374 433
1765823919078 0.032056089490652084 434
1765823919151 0.03205534443259239 435
1765823919236 0.032054245471954346 436
1765823919306 0.03205559402704239 437
1765823919373 0.032054875046014786 438
1765823919441 0.032053254544734955 439
1765823919516 0.03205360844731331 440
1765823919578 0.03205307945609093 441
1765823919642 0.03205256909132004 442
1765823919698 0.03205281123518944 443
1765823919754 0.03205340355634689 444
1765823919814 0.032053302973508835 445
1765823919866 0.03205253928899765 446
1765823919923 0.032051943242549896 447
1765823919989 0.03205187991261482 448
1765823920055 0.03205183148384094 449
1765823920108 0.032051511108875275 450
1765823920174 0.03205154836177826 451
1765823920231 0.03205181658267975 452
1765823920297 0.03205188363790512 453
1765823920363 0.03205173462629318 454
1765823920423 0.03205143287777901 455
1765823920487 0.032051198184490204 456
1765823920551 0.032050978392362595 457
1765823920614 0.03205087408423424 458
1765823920670 0.03205079212784767 459
1765823920736 0.032050732523202896 460
1765823920798 0.032050684094429016 461
1765823920865 0.03205070644617081 462
1765823920929 0.03205074369907379 463
1765823920993 0.03205074369907379 464
1765823921057 0.03205074369907379 465
1765823921125 0.03205069527029991 466
1765823921179 0.03205062821507454 467
1765823921247 0.03205055743455887 468
1765823921309 0.0320504829287529 469
1765823921365 0.03205040469765663 470
1765823921428 0.03205034136772156 471
1765823921492 0.032050278037786484 472
1765823921558 0.032050229609012604 473
1765823921625 0.03205019235610962 474
1765823921684 0.03205018490552902 475
1765823921746 0.032050181180238724 476
1765823921811 0.032050181180238724 477
1765823921876 0.032050177454948425 478
1765823921926 0.032050181180238724 479
1765823921991 0.032050181180238724 480
1765823922049 0.032050181180238724 481
1765823922112 0.03205017372965813 482
1765823922175 0.03205016255378723 483
1765823922240 0.032050155103206635 484
1765823922298 0.03205014392733574 485
1765823922362 0.032050132751464844 486
1765823922423 0.03205011785030365 487
1765823922482 0.03205011039972305 488
1765823922541 0.03205009922385216 489
1765823922604 0.032050084322690964 490
1765823922671 0.03205006197094917 491
1765823922725 0.032050058245658875 492
1765823922787 0.03205004334449768 493
1765823922857 0.03205002844333649 494
1765823922919 0.03205002099275589 495
1765823922974 0.032050009816884995 496
1765823923040 0.0320500023663044 497
1765823923106 0.0320499949157238 498
1765823891577 0.44873788952827454 0
