1765823891566 0.5029779076576233 0
1765823891632 0.286238431930542 1
1765823891692 0.6457462310791016 2
1765823891752 0.218780979514122 3
1765823891811 0.3394404351711273 4
1765823891865 0.3672052025794983 5
1765823891934 0.3612479567527771 6
1765823891988 0.3418334722518921 7
1765823892056 0.31003862619400024 8
1765823892123 0.26299789547920227 9
1765823892183 0.20170927047729492 10
1765823892240 0.21678005158901215 11
1765823892303 0.24800415337085724 12
1765823892357 0.2071300745010376 13
1765823892422 0.1796533763408661 14
1765823892482 0.17762622237205505 15
1765823892550 0.17919492721557617 16
1765823892623 0.18104931712150574 17
1765823892692 0.1812930405139923 18
1765823892761 0.17924022674560547 19
1765823892835 0.17489005625247955 20
1765823892903 0.1687133014202118 21
1765823892974 0.16159234941005707 22
1765823893047 0.1547446846961975 23
1765823893114 0.14949338138103485 24
1765823893171 0.14655183255672455 25
1765823893234 0.14554879069328308 26
1765823893296 0.14413443207740784 27
1765823893360 0.14187739789485931 28
1765823893419 0.1386098861694336 29
1765823893487 0.13451579213142395 30
1765823893547 0.13004779815673828 31
1765823893610 0.12574449181556702 32
1765823893675 0.12203233689069748 33
1765823893739 0.11903026700019836 34
1765823893801 0.11646299809217453 35
1765823893863 0.11379310488700867 36
1765823893927 0.11046436429023743 37
1765823893993 0.10625136643648148 38
1765823894044 0.10156992822885513 39
1765823894108 0.09750199317932129 40
1765823894171 0.09531994163990021 41
1765823894235 0.09501684457063675 42
1765823894294 0.09468848258256912 43
1765823894357 0.09312561899423599 44
1765823894409 0.09204008430242538 45
1765823894465 0.09333083033561707 46
1765823894521 0.09532655030488968 47
1765823894581 0.09535717964172363 48
1765823894635 0.09402351826429367 49
1765823894699 0.09347368031740189 50
1765823894764 0.09357611835002899 51
1765823894830 0.09265049546957016 52
1765823894883 0.09073660522699356 53
1765823894945 0.08919838815927505 54
1765823895017 0.08852557837963104 55
1765823895080 0.08826428651809692 56
1765823895145 0.08786367624998093 57
1765823895208 0.08735599368810654 58
1765823895269 0.08686313778162003 59
1765823895330 0.08649567514657974 60
1765823895390 0.08628633618354797 61
1765823895451 0.08618173003196716 62
1765823895515 0.08608777076005936 63
1765823895571 0.08593564480543137 64
1765823895628 0.08571336418390274 65
1765823895684 0.085457943379879 66
1765823895741 0.0852188840508461 67
1765823895796 0.08502501994371414 68
1765823895868 0.08486916869878769 69
1765823895930 0.08471882343292236 70
1765823895992 0.08453906327486038 71
1765823896054 0.08431310951709747 72
1765823896117 0.08405043184757233 73
1765823896181 0.08377711474895477 74
1765823896236 0.08351732790470123 75
1765823896303 0.08328068256378174 76
1765823896377 0.08305773884057999 77
1765823896445 0.08283025026321411 78
1765823896504 0.08258499205112457 79
1765823896569 0.08232356607913971 80
1765823896634 0.08206063508987427 81
1765823896697 0.08180984854698181 82
1765823896761 0.08157818764448166 83
1765823896825 0.08135630190372467 84
1765823896889 0.0811314731836319 85
1765823896949 0.08089552819728851 86
1765823897009 0.08064919710159302 87
1765823897073 0.08040127158164978 88
1765823897130 0.0801592767238617 89
1765823897193 0.07992272824048996 90
1765823897257 0.07968416064977646 91
1765823897318 0.07943537086248398 92
1765823897369 0.07917502522468567 93
1765823897431 0.07890772819519043 94
1765823897501 0.07864011079072952 95
1765823897559 0.07837357372045517 96
1765823897623 0.07810430228710175 97
1765823897682 0.07782705873250961 98
1765823897749 0.0775408148765564 99
1765823897822 0.0772494301199913 100
1765823897899 0.07695753127336502 101
1765823897975 0.07666553556919098 102
1765823898051 0.07637058198451996 103
1765823898118 0.07606934010982513 104
1765823898188 0.0757620632648468 105
1765823898257 0.07545153796672821 106
1765823898326 0.0751395896077156 107
1765823898384 0.0748242661356926 108
1765823898440 0.07450263202190399 109
1765823898509 0.07417310774326324 110
1765823898564 0.07383733987808228 111
1765823898625 0.07349835336208344 112
1765823898689 0.07315564155578613 113
1765823898753 0.07280652970075607 114
1765823898812 0.07245049625635147 115
1765823898868 0.07208968698978424 116
1765823898932 0.0717255100607872 117
1765823898992 0.07135646790266037 118
1765823899052 0.0709807425737381 119
1765823899114 0.07060001790523529 120
1765823899177 0.07021654397249222 121
1765823899242 0.0698307603597641 122
1765823899309 0.06944169104099274 123
1765823899371 0.06904952228069305 124
1765823899422 0.0686570256948471 125
1765823899486 0.06826357543468475 126
1765823899549 0.06786768138408661 127
1765823899617 0.06746998429298401 128
1765823899676 0.0670727789402008 129
1765823899739 0.06667687743902206 130
1765823899805 0.06628257036209106 131
1765823899865 0.06589251756668091 132
1765823899923 0.06550730019807816 133
1765823899973 0.06512586027383804 134
1765823900029 0.06475198268890381 135
1765823900084 0.06438682228326797 136
1765823900145 0.06402993947267532 137
1765823900215 0.06368357688188553 138
1765823900296 0.06334502249956131 139
1765823900373 0.06301695108413696 140
1765823900448 0.06270022690296173 141
1765823900525 0.06240152567625046 142
1765823900600 0.062112368643283844 143
1765823900676 0.06183468550443649 144
1765823900752 0.061569370329380035 145
1765823900821 0.06131332367658615 146
1765823900881 0.0610663928091526 147
1765823900943 0.060823723673820496 148
1765823901008 0.06058713421225548 149
1765823901069 0.06035275757312775 150
1765823901134 0.0601196214556694 151
1765823901201 0.05988657847046852 152
1765823901261 0.05965351685881615 153
1765823901311 0.05941973626613617 154
1765823901373 0.05918561667203903 155
1765823901433 0.05894956365227699 156
1765823901498 0.058712687343358994 157
1765823901563 0.05847519636154175 158
1765823901627 0.05823782831430435 159
1765823901689 0.05800093710422516 160
1765823901758 0.05776399001479149 161
1765823901817 0.057528670877218246 162
1765823901871 0.05729399248957634 163
1765823901937 0.05706024169921875 164
1765823902003 0.05682801082730293 165
1765823902065 0.05659790709614754 166
1765823902122 0.05636965483427048 167
1765823902187 0.056143708527088165 168
1765823902255 0.05591936036944389 169
1765823902316 0.05569610372185707 170
1765823902378 0.055475395172834396 171
1765823902431 0.05525645241141319 172
1765823902492 0.05504092574119568 173
1765823902549 0.05482744053006172 174
1765823902610 0.05461449548602104 175
1765823902671 0.05440402776002884 176
1765823902734 0.05419741943478584 177
1765823902792 0.05399192124605179 178
1765823902862 0.05378761515021324 179
1765823902925 0.053585607558488846 180
1765823902988 0.05338478460907936 181
1765823903051 0.05318325757980347 182
1765823903125 0.05298301950097084 183
1765823903200 0.052785079926252365 184
1765823903272 0.05259043350815773 185
1765823903345 0.0523986741900444 186
1765823903419 0.05220711603760719 187
1765823903501 0.05201749503612518 188
1765823903577 0.05183079466223717 189
1765823903651 0.05164829269051552 190
1765823903724 0.051469095051288605 191
1765823903793 0.051291268318891525 192
1765823903866 0.05111518129706383 193
1765823903936 0.05094125121831894 194
1765823903991 0.05076906085014343 195
1765823904042 0.05059882998466492 196
1765823904103 0.05043039470911026 197
1765823904172 0.05026392266154289 198
1765823904241 0.05009936913847923 199
1765823904307 0.04993700608611107 200
1765823904372 0.049776628613471985 201
1765823904438 0.0496181845664978 202
1765823904494 0.04946153610944748 203
1765823904560 0.04930664598941803 204
1765823904623 0.049153875559568405 205
1765823904689 0.0490032434463501 206
1765823904748 0.04885474964976311 207
1765823904816 0.048708245158195496 208
1765823904876 0.04856417328119278 209
1765823904941 0.048422399908304214 210
1765823905005 0.0482826866209507 211
1765823905069 0.04814479127526283 212
1765823905133 0.048009101301431656 213
1765823905191 0.04787569120526314 214
1765823905255 0.047744859009981155 215
1765823905310 0.04761602729558945 216
1765823905374 0.04748954251408577 217
1765823905440 0.04736523702740669 218
1765823905495 0.047243405133485794 219
1765823905558 0.0471237450838089 220
1765823905611 0.04700636863708496 221
1765823905677 0.046891212463378906 222
1765823905740 0.04677797853946686 223
1765823905801 0.046666860580444336 224
1765823905862 0.046557337045669556 225
1765823905926 0.04644974693655968 226
1765823905986 0.046344202011823654 227
1765823906044 0.046240948140621185 228
1765823906109 0.046140048652887344 229
1765823906164 0.04604129120707512 230
1765823906227 0.045944951474666595 231
1765823906293 0.04585070535540581 232
1765823906362 0.04575854539871216 233
1765823906435 0.04566839709877968 234
1765823906509 0.04557989910244942 235
1765823906567 0.04549316689372063 236
1765823906627 0.04540826752781868 237
1765823906693 0.04532521590590477 238
1765823906758 0.0452440045773983 239
1765823906816 0.04516475275158882 240
1765823906869 0.045087214559316635 241
1765823906929 0.045011430978775024 242
1765823906994 0.044937361031770706 243
1765823907057 0.0448649525642395 244
1765823907111 0.04479431360960007 245
1765823907176 0.04472539946436882 246
1765823907232 0.044658008962869644 247
1765823907296 0.04459220543503761 248
1765823907355 0.044527918100357056 249
1765823907424 0.04446505755186081 250
1765823907490 0.04440374672412872 251
1765823907542 0.04434413090348244 252
1765823907600 0.04428577423095703 253
1765823907657 0.044228725135326385 254
1765823907721 0.044172950088977814 255
1765823907774 0.044118452817201614 256
1765823907842 0.04406524449586868 257
1765823907898 0.0440131351351738 258
1765823907960 0.04396216571331024 259
1765823908026 0.043912239372730255 260
1765823908082 0.043863434344530106 261
1765823908154 0.043815772980451584 262
1765823908222 0.04376927763223648 263
1765823908294 0.043723851442337036 264
1765823908367 0.04367948696017265 265
1765823908444 0.04363614320755005 266
1765823908526 0.04359380528330803 267
1765823908602 0.04355243220925331 268
1765823908668 0.043511878699064255 269
1765823908732 0.04347224161028862 270
1765823908805 0.04343340918421745 271
1765823908877 0.04339548945426941 272
1765823908938 0.04335847496986389 273
1765823908999 0.043322306126356125 274
1765823909059 0.04328697547316551 275
1765823909114 0.043252501636743546 276
1765823909176 0.04321884363889694 277
1765823909229 0.043185919523239136 278
1765823909288 0.04315369203686714 279
1765823909350 0.04312203451991081 280
1765823909414 0.043091125786304474 281
1765823909470 0.043060969561338425 282
1765823909535 0.04303150251507759 283
1765823909600 0.04300259053707123 284
1765823909660 0.04297435283660889 285
1765823909722 0.04294684901833534 286
1765823909790 0.042919985949993134 287
1765823909854 0.04289373755455017 288
1765823909917 0.042868126183748245 289
1765823909984 0.04284309968352318 290
1765823910046 0.04281865060329437 291
1765823910114 0.04279482737183571 292
1765823910177 0.042771585285663605 293
1765823910237 0.042748916894197464 294
1765823910302 0.04272681847214699 295
1765823910372 0.04270525649189949 296
1765823910432 0.042684074491262436 297
1765823910496 0.0426633395254612 298
1765823910555 0.04264304041862488 299
1765823910620 0.04262320697307587 300
1765823910692 0.04260380566120148 301
1765823910761 0.04258465766906738 302
1765823910822 0.04256587475538254 303
1765823910882 0.04254749417304993 304
1765823910948 0.04252937063574791 305
1765823911004 0.04251154884696007 306
1765823911072 0.04249406233429909 307
1765823911136 0.04247715324163437 308
1765823911190 0.042460765689611435 309
1765823911256 0.042444705963134766 310
1765823911318 0.04242897778749466 311
1765823911379 0.042413532733917236 312
1765823911443 0.04239850118756294 313
1765823911505 0.04238397255539894 314
1765823911566 0.04236983507871628 315
1765823911630 0.04235618934035301 316
1765823911689 0.042343005537986755 317
1765823911746 0.042330097407102585 318
1765823911813 0.04231756925582886 319
1765823911873 0.04230538010597229 320
1765823911937 0.042293451726436615 321
1765823912006 0.04228171706199646 322
1765823912071 0.04227028042078018 323
1765823912127 0.04225890710949898 324
1765823912187 0.04224797338247299 325
1765823912248 0.04223722591996193 326
1765823912310 0.04222697764635086 327
1765823912372 0.04221755266189575 328
1765823912434 0.04220978915691376 329
1765823912491 0.042205240577459335 330
1765823912555 0.042206306010484695 331
1765823912609 0.04221441224217415 332
1765823912674 0.042227908968925476 333
1765823912725 0.042238153517246246 334
1765823912790 0.0422280952334404 335
1765823912855 0.04219459369778633 336
1765823912919 0.042152807116508484 337
1765823912978 0.04213090240955353 338
1765823913039 0.04213546961545944 339
1765823913100 0.04214971885085106 340
1765823913163 0.04215267300605774 341
1765823913228 0.042134832590818405 342
1765823913293 0.04210924357175827 343
1765823913357 0.0420934334397316 344
1765823913431 0.04209352657198906 345
1765823913493 0.04209979996085167 346
1765823913556 0.04209880903363228 347
1765823913617 0.04208693280816078 348
1765823913683 0.04207085818052292 349
1765823913752 0.042059991508722305 350
1765823913824 0.042057618498802185 351
1765823913895 0.04205938056111336 352
1765823913966 0.042058490216732025 353
1765823914034 0.04205155745148659 354
1765823914102 0.04204155504703522 355
1765823914171 0.0420326292514801 356
1765823914230 0.04202769324183464 357
1765823914293 0.04202619940042496 358
1765823914354 0.04202534630894661 359
1765823914410 0.042022623121738434 360
1765823914476 0.0420171283185482 361
1765823914531 0.04201013967394829 362
1765823914586 0.042003657668828964 363
1765823914644 0.04199884459376335 364
1765823914704 0.04199577495455742 365
1765823914762 0.041993651539087296 366
1765823914827 0.04199139401316643 367
1765823914892 0.0419883131980896 368
1765823914956 0.041984278708696365 369
1765823915011 0.041979704052209854 370
1765823915074 0.041975196450948715 371
1765823915137 0.04197113960981369 372
1765823915203 0.041967667639255524 373
1765823915265 0.041964687407016754 374
1765823915325 0.04196205735206604 375
1765823915389 0.04195955768227577 376
1765823915454 0.04195709899067879 377
1765823915520 0.04195461422204971 378
1765823915583 0.04195212200284004 379
1765823915649 0.0419495515525341 380
1765823915717 0.041946932673454285 381
1765823915774 0.041944392025470734 382
1765823915829 0.041941896080970764 383
1765823915889 0.04193950444459915 384
1765823915954 0.041937362402677536 385
1765823916019 0.04193556308746338 386
1765823916082 0.04193394258618355 387
1765823916145 0.041932906955480576 388
1765823916211 0.04193246737122536 389
1765823916272 0.04193296656012535 390
1765823916332 0.04193441569805145 391
1765823916391 0.04193753004074097 392
1765823916447 0.041942134499549866 393
1765823916511 0.04194873198866844 394
1765823916585 0.041955944150686264 395
1765823916651 0.041963256895542145 396
1765823916710 0.04196630045771599 397
1765823916775 0.04196426644921303 398
1765823916828 0.04195249453186989 399
1765823916936 0.04193497821688652 400
1765823917028 0.04191475734114647 401
1765823917086 0.041898827999830246 402
1765823917152 0.04189067706465721 403
1765823917220 0.04189039021730423 404
1765823917279 0.04189523681998253 405
1765823917344 0.041901491582393646 406
1765823917409 0.041906051337718964 407
1765823917469 0.04190638288855553 408
1765823917525 0.04190237820148468 409
1765823917581 0.04189464822411537 410
1765823917644 0.041885729879140854 411
1765823917708 0.04187770187854767 412
1765823917763 0.04187213256955147 413
1765823917828 0.04186927527189255 414
1765823917891 0.04186857491731644 415
1765823917953 0.04186927154660225 416
1765823918015 0.04187040776014328 417
1765823918069 0.04187175631523132 418
1765823918131 0.041872452944517136 419
1765823918190 0.04185985028743744 420
1765823918248 0.04186854138970375 421
1765823918305 0.041858185082674026 422
1765823918366 0.04186515137553215 423
1765823918420 0.041856549680233 424
1765823918479 0.04186204820871353 425
1765823918543 0.04185492917895317 426
1765823918609 0.04185929149389267 427
1765823918675 0.04185333102941513 428
1765823918747 0.04185669124126434 429
1765823918809 0.041851747781038284 430
1765823918865 0.041852276772260666 431
1765823918929 0.04185166582465172 432
1765823918998 0.04185057803988457 433
1765823919067 0.04185086488723755 434
1765823919140 0.04185027629137039 435
1765823919221 0.041849419474601746 436
1765823919295 0.04184954613447189 437
1765823919364 0.04184897243976593 438
1765823919432 0.041848279535770416 439
1765823919505 0.041848279535770416 440
1765823919569 0.04184773191809654 441
1765823919631 0.0418473482131958 442
1765823919690 0.04184716194868088 443
1765823919745 0.041847120970487595 444
1765823919805 0.04184693098068237 445
1765823919857 0.041846610605716705 446
1765823919912 0.0418463833630085 447
1765823919979 0.041846275329589844 448
1765823920045 0.04184612259268761 449
1765823920098 0.041845858097076416 450
1765823920165 0.041845619678497314 451
1765823920222 0.04184547811746597 452
1765823920288 0.041845403611660004 453
1765823920354 0.04184529185295105 454
1765823920414 0.0418451726436615 455
1765823920478 0.04184505715966225 456
1765823920542 0.04184497147798538 457
1765823920605 0.041844893246889114 458
1765823920662 0.04184481129050255 459
1765823920726 0.04184470698237419 460
1765823920788 0.04184459522366524 461
1765823920855 0.04184449091553688 462
1765823920920 0.041844408959150314 463
1765823920984 0.041844360530376434 464
1765823921047 0.04184431955218315 465
1765823921114 0.04184426739811897 466
1765823921169 0.041844215244054794 467
1765823921236 0.041844166815280914 468
1765823921301 0.041844118386507034 469
1765823921356 0.041844069957733154 470
1765823921420 0.04184402897953987 471
1765823921484 0.04184398055076599 472
1765823921549 0.04184393212199211 473
1765823921614 0.04184388369321823 474
1765823921675 0.04184385761618614 475
1765823921737 0.04184383526444435 476
1765823921800 0.04184381291270256 477
1765823921867 0.04184378683567047 478
1765823921917 0.04184376075863838 479
1765823921981 0.04184374213218689 480
1765823922038 0.0418437160551548 481
1765823922103 0.04184369370341301 482
1765823922165 0.04184366762638092 483
1765823922229 0.04184364899992943 484
1765823922289 0.04184362292289734 485
1765823922353 0.041843611747026443 486
1765823922414 0.04184359684586525 487
1765823922473 0.04184358939528465 488
1765823922532 0.04184357449412346 489
1765823922594 0.041843559592962265 490
1765823922662 0.04184354469180107 491
1765823922716 0.04184354096651077 492
1765823922778 0.04184352234005928 493
1765823922846 0.04184350743889809 494
1765823922911 0.04184349998831749 495
1765823922965 0.041843488812446594 496
1765823923028 0.0418434776365757 497
1765823923097 0.0418434739112854 498
1765823891566 0.5029779076576233 0
