1765823485283 0.5369113087654114 0
1765823485434 0.495588481426239 1
1765823485581 0.4385144114494324 2
1765823485706 0.3638508915901184 3
1765823485841 0.2515561878681183 4
1765823485996 0.09854375571012497 5
1765823486152 0.3505743145942688 6
1765823486315 0.21532301604747772 7
1765823486475 0.10496702045202255 8
1765823486608 0.1345922201871872 9
1765823486736 0.1772773712873459 10
1765823486877 0.1987892985343933 11
1765823487025 0.20398451387882233 12
1765823487146 0.19673919677734375 13
1765823487286 0.18091478943824768 14
1765823487428 0.15935669839382172 15
1765823487570 0.13597610592842102 16
1765823487714 0.117064468562603 17
1765823487856 0.11062052100896835 18
1765823487995 0.113050676882267 19
1765823488119 0.11760253459215164 20
1765823488260 0.12229278683662415 21
1765823488386 0.12553846836090088 22
1765823488520 0.12653404474258423 23
1765823488660 0.12524481117725372 24
1765823488791 0.12220994383096695 25
1765823488914 0.11828526109457016 26
1765823489048 0.1143825352191925 27
1765823489201 0.11123999953269958 28
1765823489326 0.10926657170057297 29
1765823489467 0.1087440550327301 30
1765823489616 0.10848616808652878 31
1765823489742 0.10843096673488617 32
1765823489879 0.10850732773542404 33
1765823490022 0.10864481329917908 34
1765823490228 0.10878090560436249 35
1765823490393 0.10886552929878235 36
1765823490555 0.10886329412460327 37
1765823490723 0.10875394195318222 38
1765823490904 0.10853131860494614 39
1765823491061 0.1082015335559845 40
1765823491206 0.10799029469490051 41
1765823491348 0.10774028301239014 42
1765823491485 0.10746010392904282 43
1765823491624 0.10715879499912262 44
1765823491777 0.10684533417224884 45
1765823491913 0.1065281555056572 46
1765823492063 0.10621481388807297 47
1765823492189 0.10591163486242294 48
1765823492318 0.1056235134601593 49
1765823492458 0.10535380244255066 50
1765823492592 0.1051042303442955 51
1765823492733 0.10498713701963425 52
1765823492858 0.10487481206655502 53
1765823492998 0.10476687550544739 54
1765823493133 0.10466282069683075 55
1765823493279 0.10456211864948273 56
1765823493395 0.10446415841579437 57
1765823493522 0.10436835885047913 58
1765823493667 0.10427408665418625 59
1765823493809 0.10418077558279037 60
1765823493937 0.10408785939216614 61
1765823494076 0.10399483889341354 62
1765823494208 0.1039479449391365 63
1765823494333 0.10390046238899231 64
1765823494475 0.10385233163833618 65
1765823494608 0.10380351543426514 66
1765823494748 0.1037539690732956 67
1765823494882 0.10370368510484695 68
1765823495023 0.10365264862775803 69
1765823495170 0.10360085964202881 70
1765823495308 0.10354835540056229 71
1765823495436 0.10349510610103607 72
1765823495567 0.10344115644693375 73
1765823495707 0.10341385751962662 74
1765823495843 0.10338623076677322 75
1765823495993 0.10335831344127655 76
1765823496217 0.1033301129937172 77
1765823496443 0.10330162942409515 78
1765823496605 0.10327287018299103 79
1765823496765 0.103243887424469 80
1765823496902 0.10321462899446487 81
1765823497031 0.10318514704704285 82
1765823497156 0.10315544158220291 83
1765823497282 0.10312550514936447 84
1765823497432 0.1031104326248169 85
1765823497572 0.10309525579214096 86
1765823497714 0.10307998210191727 87
1765823497838 0.10306461900472641 88
1765823497976 0.1030491515994072 89
1765823498120 0.10303360223770142 90
1765823498256 0.10301794856786728 91
1765823498397 0.10300222784280777 92
1765823498538 0.1029863953590393 93
1765823498660 0.10297048091888428 94
1765823498814 0.10295449942350388 95
1765823498958 0.1029464602470398 96
1765823499089 0.10293838381767273 97
1765823499217 0.10293026268482208 98
1765823499363 0.10292210429906845 99
1765823499502 0.10291391611099243 100
1765823499645 0.10290567576885223 101
1765823499782 0.10289740562438965 102
1765823499921 0.10288909077644348 103
1765823500056 0.10288074612617493 104
1765823500195 0.10287235677242279 105
1765823500338 0.10286393761634827 106
1765823485283 0.5369113087654114 0
