1765823485273 0.28827375173568726 0
1765823485424 0.24560794234275818 1
1765823485572 0.1922948956489563 2
1765823485694 0.13238747417926788 3
1765823485831 0.06328052282333374 4
1765823485983 0.009710871614515781 5
1765823486140 0.12290234118700027 6
1765823486302 0.04636400192975998 7
1765823486464 0.011018075980246067 8
1765823486598 0.01811506599187851 9
1765823486727 0.03142726421356201 10
1765823486866 0.03951718285679817 11
1765823487013 0.04160968214273453 12
1765823487135 0.03870631381869316 13
1765823487275 0.032730162143707275 14
1765823487419 0.025394558906555176 15
1765823487560 0.018489502370357513 16
1765823487704 0.01370408944785595 17
1765823487846 0.012236899696290493 18
1765823487984 0.012780455872416496 19
1765823488109 0.013830355368554592 20
1765823488250 0.01495552621781826 21
1765823488377 0.01575990580022335 22
1765823488511 0.016010865569114685 23
1765823488651 0.015686264261603355 24
1765823488780 0.014935269951820374 25
1765823488905 0.0139914033934474 26
1765823489039 0.013083363883197308 27
1765823489192 0.012374336831271648 28
1765823489316 0.011939182877540588 29
1765823489456 0.011825270019471645 30
1765823489607 0.011769249103963375 31
1765823489732 0.01175727415829897 32
1765823489869 0.01177384052425623 33
1765823490013 0.011803695932030678 34
1765823490217 0.01183328591287136 35
1765823490381 0.011851702816784382 36
1765823490542 0.011851217597723007 37
1765823490709 0.011827420443296432 38
1765823490890 0.011779047548770905 39
1765823491049 0.011707572266459465 40
1765823491197 0.01166190393269062 41
1765823491338 0.011607968248426914 42
1765823491474 0.011547674424946308 43
1765823491614 0.011483008041977882 44
1765823491766 0.011415925808250904 45
1765823491901 0.011348248459398746 46
1765823492049 0.011281587183475494 47
1765823492179 0.011217273771762848 48
1765823492309 0.011156326159834862 49
1765823492446 0.01109942328184843 50
1765823492582 0.011046899482607841 51
1765823492723 0.011022298596799374 52
1765823492848 0.010998726822435856 53
1765823492987 0.010976098477840424 54
1765823493124 0.010954306460916996 55
1765823493270 0.010933236218988895 56
1765823493384 0.0109127601608634 57
1765823493513 0.010892754420638084 58
1765823493656 0.01087308581918478 59
1765823493799 0.010853634215891361 60
1765823493928 0.010834282264113426 61
1765823494066 0.010814926587045193 62
1765823494199 0.010805175639688969 63
1765823494323 0.010795306414365768 64
1765823494463 0.010785306803882122 65
1765823494598 0.010775169357657433 66
1765823494737 0.010764886625111103 67
1765823494873 0.01075445394963026 68
1765823495014 0.010743871331214905 69
1765823495158 0.010733138769865036 70
1765823495297 0.010722261853516102 71
1765823495427 0.010711236856877804 72
1765823495558 0.010700072161853313 73
1765823495698 0.01069442555308342 74
1765823495834 0.010688712820410728 75
1765823495982 0.010682940483093262 76
1765823496202 0.010677112266421318 77
1765823496430 0.010671227239072323 78
1765823496595 0.01066528633236885 79
1765823496754 0.010659299790859222 80
1765823496893 0.010653260163962841 81
1765823497021 0.010647174902260303 82
1765823497147 0.010641044937074184 83
1765823497273 0.010634870268404484 84
1765823497422 0.010631760582327843 85
1765823497562 0.010628631338477135 86
1765823497703 0.010625483468174934 87
1765823497828 0.010622315108776093 88
1765823497967 0.010619127191603184 89
1765823498110 0.010615922510623932 90
1765823498247 0.010612698271870613 91
1765823498387 0.010609458200633526 92
1765823498527 0.010606197640299797 93
1765823498651 0.010602920316159725 94
1765823498804 0.010599629022181034 95
1765823498949 0.010597974061965942 96
1765823499080 0.01059631071984768 97
1765823499207 0.010594638995826244 98
1765823499353 0.010592959821224213 99
1765823499492 0.010591274127364159 100
1765823499635 0.010589578188955784 101
1765823499772 0.010587876662611961 102
1765823499911 0.010586164891719818 103
1765823500046 0.010584448464214802 104
1765823500186 0.010582721792161465 105
1765823500327 0.01058098953217268 106
1765823485273 0.28827375173568726 0
