1765823485296 0.5197840929031372 0
1765823485444 0.4774547815322876 1
1765823485589 0.41883501410484314 2
1765823485716 0.34182971715927124 3
1765823485849 0.2264181524515152 4
1765823486006 0.07665619999170303 5
1765823486167 0.3409886658191681 6
1765823486328 0.19762486219406128 7
1765823486484 0.08373323827981949 8
1765823486617 0.10498535633087158 9
1765823486745 0.14779280126094818 10
1765823486887 0.169626846909523 11
1765823487037 0.17483799159526825 12
1765823487154 0.1672852337360382 13
1765823487295 0.15099851787090302 14
1765823487437 0.12917537987232208 15
1765823487579 0.10531920939683914 16
1765823487723 0.08937942236661911 17
1765823487865 0.08623120188713074 18
1765823488005 0.08959946781396866 19
1765823488130 0.09491770714521408 20
1765823488268 0.10039879381656647 21
1765823488394 0.10409459471702576 22
1765823488529 0.10525383800268173 23
1765823488669 0.10389020293951035 24
1765823488800 0.10054469108581543 25
1765823488923 0.09615743160247803 26
1765823489057 0.09167305380105972 27
1765823489209 0.08811476081609726 28
1765823489336 0.08575580269098282 29
1765823489475 0.08491139113903046 30
1765823489626 0.0843387320637703 31
1765823489751 0.08399641513824463 32
1765823489889 0.08382561802864075 33
1765823490031 0.08377201855182648 34
1765823490239 0.08379103243350983 35
1765823490406 0.08380197733640671 36
1765823490566 0.08377081900835037 37
1765823490736 0.08367472141981125 38
1765823490918 0.08350808173418045 39
1765823491072 0.08327525109052658 40
1765823491215 0.08312984555959702 41
1765823491356 0.08296098560094833 42
1765823491493 0.08277786523103714 43
1765823491633 0.0825849175453186 44
1765823491787 0.08238429576158524 45
1765823491922 0.08218838274478912 46
1765823492076 0.08202645927667618 47
1765823492198 0.08189083635807037 48
1765823492327 0.08176836371421814 49
1765823492469 0.08165347576141357 50
1765823492601 0.08155736327171326 51
1765823492741 0.08151480555534363 52
1765823492866 0.0814746618270874 53
1765823493009 0.08144079893827438 54
1765823493142 0.08140725642442703 55
1765823493287 0.08137398958206177 56
1765823493405 0.08134115487337112 57
1765823493532 0.08130911737680435 58
1765823493676 0.08127640187740326 59
1765823493818 0.08124178647994995 60
1765823493947 0.08120332658290863 61
1765823494085 0.08116243779659271 62
1765823494217 0.08114120364189148 63
1765823494344 0.08111778646707535 64
1765823494484 0.08109250664710999 65
1765823494618 0.08106505870819092 66
1765823494759 0.0810355693101883 67
1765823494890 0.08100417256355286 68
1765823495031 0.08097120374441147 69
1765823495181 0.08093653619289398 70
1765823495317 0.08090020716190338 71
1765823495445 0.08086231350898743 72
1765823495576 0.08082295954227448 73
1765823495718 0.08080261200666428 74
1765823495852 0.08078164607286453 75
1765823496001 0.08076011389493942 76
1765823496232 0.08073803782463074 77
1765823496455 0.08071547746658325 78
1765823496617 0.08069244772195816 79
1765823496775 0.08066900074481964 80
1765823496911 0.08064515888690948 81
1765823497039 0.08062095195055008 82
1765823497165 0.08059640228748322 83
1765823497291 0.08057154715061188 84
1765823497442 0.08055898547172546 85
1765823497581 0.08054628223180771 86
1765823497723 0.08053344488143921 87
1765823497849 0.08052050322294235 88
1765823497985 0.08050745725631714 89
1765823498129 0.08049430698156357 90
1765823498265 0.08048105984926224 91
1765823498405 0.08046771585941315 92
1765823498546 0.0804542824625969 93
1765823498670 0.08044076710939407 94
1765823498822 0.08042718470096588 95
1765823498967 0.0804203525185585 96
1765823499098 0.08041349798440933 97
1765823499225 0.08040659129619598 98
1765823499373 0.08039965480566025 99
1765823499511 0.08039268851280212 100
1765823499654 0.08038569986820221 101
1765823499791 0.0803787112236023 102
1765823499929 0.08037169277667999 103
1765823500065 0.0803646519780159 104
1765823500204 0.08035757392644882 105
1765823500346 0.08035047352313995 106
1765823485296 0.5197840929031372 0
