1765823399519 0.5976586937904358 0
1765823399899 0.5379104614257812 1
1765823400293 0.47112780809402466 2
1765823400674 0.3888508677482605 3
1765823401052 0.2067670077085495 4
1765823401534 0.379533588886261 5
1765823401941 0.2193254679441452 6
1765823402363 0.1350829005241394 7
1765823402738 0.1858801543712616 8
1765823403126 0.21974575519561768 9
1765823403488 0.22713352739810944 10
1765823403884 0.21644921600818634 11
1765823404251 0.19431938230991364 12
1765823404654 0.16762413084506989 13
1765823405069 0.14601264894008636 14
1765823405474 0.14013917744159698 15
1765823405853 0.15084920823574066 16
1765823406240 0.15746136009693146 17
1765823406663 0.16103453934192657 18
1765823407033 0.1608227640390396 19
1765823407408 0.1574096530675888 20
1765823407776 0.15228867530822754 21
1765823408189 0.14695705473423004 22
1765823408518 0.14263804256916046 23
1765823408885 0.1400069296360016 24
1765823409234 0.13913334906101227 25
1765823409639 0.13962675631046295 26
1765823410011 0.1408826857805252 27
1765823410392 0.1415412276983261 28
1765823410801 0.14203600585460663 29
1765823411218 0.14230629801750183 30
1765823411607 0.14232657849788666 31
1765823412022 0.14210139214992523 32
1765823412484 0.141659215092659 33
1765823412849 0.14104625582695007 34
1765823413230 0.1403198540210724 35
1765823413598 0.13954196870326996 36
1765823413977 0.13877266645431519 37
1765823414353 0.1380641907453537 38
1765823414739 0.13774417340755463 39
1765823415112 0.13745050132274628 40
1765823415489 0.13718721270561218 41
1765823415895 0.1369561105966568 42
1765823416251 0.1367567479610443 43
1765823416660 0.13658671081066132 44
1765823417051 0.13644208014011383 45
1765823417468 0.1363176852464676 46
1765823417826 0.136207714676857 47
1765823418215 0.13610605895519257 48
1765823418624 0.13600683212280273 49
1765823419017 0.13595500588417053 50
1765823419411 0.13589897751808167 51
1765823419880 0.1358380913734436 52
1765823420279 0.1357719898223877 53
1765823420703 0.1357005089521408 54
1765823421088 0.13562370836734772 55
1765823421470 0.13554176688194275 56
1765823421880 0.13545502722263336 57
1765823422272 0.13536390662193298 58
1765823422683 0.13526886701583862 59
1765823423159 0.13517041504383087 60
1765823423668 0.1351197510957718 61
1765823424050 0.13506782054901123 62
1765823424446 0.13501478731632233 63
1765823424850 0.1349608302116394 64
1765823425257 0.13490603864192963 65
1765823425612 0.1348506063222885 66
1765823426007 0.13479457795619965 67
1765823426370 0.13473808765411377 68
1765823426764 0.13468120992183685 69
1765823427139 0.13462398946285248 70
1765823427533 0.1345665156841278 71
1765823427917 0.13453762233257294 72
1765823428294 0.13450859487056732 73
1765823428672 0.13447940349578857 74
1765823429060 0.13445007801055908 75
1765823429433 0.13442061841487885 76
1765823429815 0.13439102470874786 77
1765823430204 0.13436131179332733 78
1765823430579 0.13433149456977844 79
1765823430940 0.1343015432357788 80
1765823431338 0.13427145779132843 81
1765823431759 0.1342412680387497 82
1765823432151 0.13422609865665436 83
1765823432552 0.13421088457107544 84
1765823432950 0.13419558107852936 85
1765823433380 0.1341802328824997 86
1765823433812 0.13416481018066406 87
1765823434299 0.13414931297302246 88
1765823434701 0.13413377106189728 89
1765823435086 0.13411815464496613 90
1765823435464 0.134102463722229 91
1765823435828 0.1340867131948471 92
1765823436219 0.13407090306282043 93
1765823436599 0.1340629607439041 94
1765823436982 0.1340549886226654 95
1765823437333 0.1340469866991043 96
1765823437724 0.13403895497322083 97
1765823438101 0.13403087854385376 98
1765823438492 0.1340227872133255 99
1765823438883 0.13401465117931366 100
1765823439292 0.13400650024414062 101
1765823439720 0.133998304605484 102
1765823440119 0.1339900940656662 103
1765823440504 0.1339818388223648 104
1765823399519 0.5976586937904358 0
