1765823399530 0.5787763595581055 0
1765823399908 0.5170029401779175 1
1765823400301 0.4474714398384094 2
1765823400683 0.3614462614059448 3
1765823401063 0.174551323056221 4
1765823401544 0.35854682326316833 5
1765823401951 0.18653187155723572 6
1765823402372 0.10905804485082626 7
1765823402748 0.15430580079555511 8
1765823403136 0.18627703189849854 9
1765823403497 0.19335141777992249 10
1765823403892 0.18296703696250916 11
1765823404262 0.16202232241630554 12
1765823404663 0.13675035536289215 13
1765823405081 0.11807277798652649 14
1765823405482 0.11174415051937103 15
1765823405862 0.1201670840382576 16
1765823406250 0.12549647688865662 17
1765823406674 0.128580704331398 18
1765823407042 0.12841953337192535 19
1765823407419 0.1254788041114807 20
1765823407785 0.12132073193788528 21
1765823408200 0.11709867417812347 22
1765823408527 0.11373799294233322 23
1765823408895 0.11162872612476349 24
1765823409243 0.11132863163948059 25
1765823409649 0.11219563335180283 26
1765823410019 0.11359968781471252 27
1765823410403 0.11425727605819702 28
1765823410812 0.11473379284143448 29
1765823411231 0.1149960458278656 30
1765823411617 0.11502912640571594 31
1765823412034 0.11484597623348236 32
1765823412497 0.11446601152420044 33
1765823412862 0.11393051594495773 34
1765823413240 0.11327458173036575 35
1765823413607 0.11255713552236557 36
1765823413985 0.11182817816734314 37
1765823414363 0.11111387610435486 38
1765823414750 0.1107771098613739 39
1765823415123 0.11047165095806122 40
1765823415498 0.11019603908061981 41
1765823415905 0.10995276272296906 42
1765823416260 0.109731525182724 43
1765823416669 0.1095198541879654 44
1765823417060 0.10933354496955872 45
1765823417479 0.10919374227523804 46
1765823417835 0.10907205194234848 47
1765823418224 0.10895825922489166 48
1765823418634 0.10886018723249435 49
1765823419025 0.10881886631250381 50
1765823419419 0.10877438634634018 51
1765823419889 0.1087268516421318 52
1765823420289 0.10867678374052048 53
1765823420713 0.10862412303686142 54
1765823421097 0.10856850445270538 55
1765823421480 0.10851003974676132 56
1765823421890 0.10844892263412476 57
1765823422282 0.10838530212640762 58
1765823422693 0.10831930488348007 59
1765823423168 0.1082514226436615 60
1765823423677 0.1082167774438858 61
1765823424059 0.10818132013082504 62
1765823424454 0.10814511775970459 63
1765823424860 0.10810820013284683 64
1765823425267 0.10807062685489655 65
1765823425623 0.10803242027759552 66
1765823426016 0.10799364000558853 67
1765823426379 0.10795439779758453 68
1765823426773 0.10791537910699844 69
1765823427149 0.10787635296583176 70
1765823427542 0.10783818364143372 71
1765823427925 0.10781911760568619 72
1765823428303 0.10779993236064911 73
1765823428683 0.10778094828128815 74
1765823429069 0.10776188969612122 75
1765823429444 0.10774283111095428 76
1765823429824 0.10772360116243362 77
1765823430213 0.10770422965288162 78
1765823430589 0.10768521577119827 79
1765823430951 0.10766614973545074 80
1765823431348 0.1076471135020256 81
1765823431768 0.10762786120176315 82
1765823432161 0.10761814564466476 83
1765823432562 0.10760834068059921 84
1765823432962 0.1075984463095665 85
1765823433388 0.10758846253156662 86
1765823433823 0.10757840424776077 87
1765823434310 0.10756824910640717 88
1765823434711 0.10755802690982819 89
1765823435094 0.10754771530628204 90
1765823435473 0.10753733664751053 91
1765823435837 0.10752686858177185 92
1765823436228 0.1075163260102272 93
1765823436608 0.1075110211968422 94
1765823436991 0.1075056716799736 95
1765823437343 0.10750029981136322 96
1765823437733 0.10749489814043045 97
1765823438111 0.1074894592165947 98
1765823438501 0.10748398303985596 99
1765823438892 0.10747847706079483 100
1765823439304 0.10747295618057251 101
1765823439730 0.10746737569570541 102
1765823440129 0.10746178776025772 103
1765823440514 0.10745617002248764 104
1765823399530 0.5787763595581055 0
