1765823399508 0.3571959137916565 0
1765823399890 0.28934764862060547 1
1765823400283 0.22196142375469208 2
1765823400664 0.15120500326156616 3
1765823401041 0.042752593755722046 4
1765823401524 0.14404574036598206 5
1765823401929 0.04810366407036781 6
1765823402354 0.018247388303279877 7
1765823402727 0.034551434218883514 8
1765823403116 0.048288196325302124 9
1765823403477 0.051589641720056534 10
1765823403875 0.046850260347127914 11
1765823404240 0.03776002302765846 12
1765823404643 0.0280978512018919 13
1765823405057 0.021319692954421043 14
1765823405464 0.019638990983366966 15
1765823405841 0.02275548316538334 16
1765823406230 0.0247940793633461 17
1765823406653 0.025932123884558678 18
1765823407023 0.02586396038532257 19
1765823407396 0.024777797982096672 20
1765823407766 0.023191839456558228 21
1765823408180 0.021596377715468407 22
1765823408509 0.02034561149775982 23
1765823408874 0.019601941108703613 24
1765823409224 0.019358087331056595 25
1765823409628 0.019495632499456406 26
1765823410001 0.0198479313403368 27
1765823410381 0.02003392018377781 28
1765823410790 0.02017422765493393 29
1765823411206 0.020251082256436348 30
1765823411597 0.020256856456398964 31
1765823412007 0.02019280567765236 32
1765823412471 0.020067334175109863 33
1765823412838 0.01989404484629631 34
1765823413220 0.019689660519361496 35
1765823413588 0.01947196014225483 36
1765823413968 0.01925785280764103 37
1765823414342 0.019061719998717308 38
1765823414728 0.01897345669567585 39
1765823415101 0.018892638385295868 40
1765823415479 0.018820330500602722 41
1765823415884 0.01875697635114193 42
1765823416241 0.01870240643620491 43
1765823416649 0.01865593157708645 44
1765823417042 0.018616441637277603 45
1765823417457 0.018582511693239212 46
1765823417817 0.018552541732788086 47
1765823418203 0.018524860963225365 48
1765823418614 0.018497858196496964 49
1765823419007 0.018483765423297882 50
1765823419400 0.01846853271126747 51
1765823419870 0.018451988697052002 52
1765823420267 0.018434032797813416 53
1765823420692 0.018414629623293877 54
1765823421077 0.01839379221200943 55
1765823421460 0.018371570855379105 56
1765823421868 0.01834806427359581 57
1765823422261 0.01832338608801365 58
1765823422673 0.018297666683793068 59
1765823423147 0.01827104203402996 60
1765823423655 0.018257347866892815 61
1765823424041 0.018243316560983658 62
1765823424436 0.018228992819786072 63
1765823424841 0.018214425072073936 64
1765823425245 0.01819964125752449 65
1765823425600 0.018184684216976166 66
1765823425997 0.018169580027461052 67
1765823426358 0.01815435290336609 68
1765823426755 0.018139027059078217 69
1765823427128 0.018123619258403778 70
1765823427521 0.018108148127794266 71
1765823427906 0.018100373446941376 72
1765823428285 0.0180925615131855 73
1765823428663 0.018084708601236343 74
1765823429050 0.0180768221616745 75
1765823429422 0.01806890219449997 76
1765823429805 0.018060948699712753 77
1765823430195 0.018052963539958 78
1765823430567 0.01804494857788086 79
1765823430931 0.01803690381348133 80
1765823431329 0.018028823658823967 81
1765823431749 0.018020717427134514 82
1765823432140 0.018016643822193146 83
1765823432541 0.01801256090402603 84
1765823432939 0.018008453771471977 85
1765823433371 0.01800433360040188 86
1765823433800 0.018000194802880287 87
1765823434288 0.017996039241552353 88
1765823434691 0.017991866916418076 89
1765823435076 0.017987677827477455 90
1765823435453 0.01798347197473049 91
1765823435817 0.017979247495532036 92
1765823436209 0.017975006252527237 93
1765823436588 0.017972879111766815 94
1765823436973 0.017970740795135498 95
1765823437323 0.017968593165278435 96
1765823437713 0.017966439947485924 97
1765823438092 0.017964277416467667 98
1765823438481 0.017962105572223663 99
1765823438871 0.017959928140044212 100
1765823439279 0.017957741394639015 101
1765823439709 0.017955545336008072 102
1765823440110 0.01795334555208683 103
1765823440494 0.017951132729649544 104
1765823399508 0.3571959137916565 0
