1765823473129 0.5746012330055237 0
1765823473186 0.4698779284954071 1
1765823473242 0.3294450640678406 2
1765823473298 0.11798502504825592 3
1765823473352 0.5076462030410767 4
1765823473403 0.2181088626384735 5
1765823473454 0.12020207941532135 6
1765823473508 0.19536195695400238 7
1765823473564 0.2401181310415268 8
1765823473611 0.25493329763412476 9
1765823473664 0.24844999611377716 10
1765823473715 0.2249607890844345 11
1765823473771 0.18667219579219818 12
1765823473823 0.13680392503738403 13
1765823473878 0.09806671738624573 14
1765823473931 0.11941545456647873 15
1765823473990 0.1593167781829834 16
1765823474043 0.16105665266513824 17
1765823474091 0.14822684228420258 18
1765823474137 0.12812408804893494 19
1765823474182 0.10794142633676529 20
1765823474237 0.09388414025306702 21
1765823474289 0.08883310854434967 22
1765823474343 0.09059540927410126 23
1765823474397 0.095640629529953 24
1765823474450 0.10074185580015182 25
1765823474505 0.10404328256845474 26
1765823474560 0.10472489893436432 27
1765823474613 0.1036498174071312 28
1765823474668 0.10124529898166656 29
1765823474720 0.09768051654100418 30
1765823474766 0.09318195283412933 31
1765823474819 0.08803525567054749 32
1765823474873 0.08258815854787827 33
1765823474925 0.0772460550069809 34
1765823474978 0.07244770973920822 35
1765823475033 0.06860596686601639 36
1765823475094 0.06600964069366455 37
1765823475152 0.06471871584653854 38
1765823475208 0.06447797268629074 39
1765823475267 0.064377561211586 40
1765823475329 0.06431665271520615 41
1765823475389 0.06420566141605377 42
1765823475445 0.06397328525781631 43
1765823475501 0.0635705292224884 44
1765823475555 0.06297191232442856 45
1765823475605 0.06217454373836517 46
1765823475653 0.06119551882147789 47
1765823475703 0.060068026185035706 48
1765823475753 0.05883670225739479 49
1765823475805 0.05818772688508034 50
1765823475857 0.057515572756528854 51
1765823475901 0.05683444067835808 52
1765823475951 0.056157466024160385 53
1765823476011 0.0554962195456028 54
1765823476067 0.05486026033759117 55
1765823476120 0.05425695702433586 56
1765823476171 0.05369129031896591 57
1765823476225 0.05316596478223801 58
1765823476278 0.05268149450421333 59
1765823476325 0.05223648622632027 60
1765823476379 0.05202847346663475 61
1765823476431 0.05182964727282524 62
1765823476488 0.051638830453157425 63
1765823476541 0.051454875618219376 64
1765823476593 0.05127668380737305 65
1765823476644 0.05110326409339905 66
1765823476697 0.05093370005488396 67
1765823476751 0.05076712742447853 68
1765823476810 0.05060284584760666 69
1765823476866 0.050440240651369095 70
1765823476925 0.05027877539396286 71
1765823476980 0.05019821971654892 72
1765823477042 0.050117552280426025 73
1765823477106 0.050036683678627014 74
1765823477165 0.04995559900999069 75
1765823477219 0.049874257296323776 76
1765823477272 0.049792662262916565 77
1765823477323 0.04971080645918846 78
1765823477373 0.04962870478630066 79
1765823477433 0.049546387046575546 80
1765823477494 0.04946385696530342 81
1765823477543 0.049381159245967865 82
1765823477598 0.049339715391397476 83
1765823477655 0.049298156052827835 84
1765823477707 0.04925649240612984 85
1765823477762 0.049214739352464676 86
1765823477815 0.04917288199067116 87
1765823477862 0.04913095384836197 88
1765823477910 0.04908892512321472 89
1765823477964 0.0490468330681324 90
1765823478017 0.04900467395782471 91
1765823478069 0.04896244779229164 92
1765823478125 0.0489201694726944 93
1765823478182 0.04889899492263794 94
1765823478234 0.0488777682185173 95
1765823478290 0.04885650426149368 96
1765823478343 0.04883519932627678 97
1765823478398 0.048813849687576294 98
1765823478453 0.04879245534539223 99
1765823478505 0.04877100884914398 100
1765823478554 0.04874951392412186 101
1765823478611 0.048727985471487045 102
1765823478666 0.04870639741420746 103
1765823478723 0.048684775829315186 104
1765823473129 0.5746012330055237 0
