1765823473117 0.3301665782928467 0
1765823473175 0.2207852602005005 1
1765823473231 0.10853404551744461 2
1765823473287 0.013920465484261513 3
1765823473344 0.25770464539527893 4
1765823473394 0.04757147654891014 5
1765823473444 0.014448539353907108 6
1765823473499 0.03816629573702812 7
1765823473554 0.05765671655535698 8
1765823473601 0.06499098241329193 9
1765823473654 0.06172740086913109 10
1765823473706 0.0506073534488678 11
1765823473760 0.034846510738134384 12
1765823473813 0.01871531270444393 13
1765823473868 0.00961708091199398 14
1765823473921 0.01426005084067583 15
1765823473978 0.02538183517754078 16
1765823474033 0.025939244776964188 17
1765823474082 0.021971197798848152 18
1765823474129 0.016415782272815704 19
1765823474173 0.011651351116597652 20
1765823474227 0.008814231492578983 21
1765823474279 0.007891321554780006 22
1765823474332 0.008207527920603752 23
1765823474385 0.009147129952907562 24
1765823474441 0.010148921981453896 25
1765823474495 0.010825005359947681 26
1765823474550 0.01096730399876833 27
1765823474604 0.010743284597992897 28
1765823474659 0.01025061123073101 29
1765823474710 0.009541482664644718 30
1765823474757 0.008682876825332642 31
1765823474810 0.0077502066269516945 32
1765823474864 0.0068208035081624985 33
1765823474915 0.005966952536255121 34
1765823474968 0.005248670931905508 35
1765823475022 0.004706778563559055 36
1765823475082 0.004357272759079933 37
1765823475142 0.004188511986285448 38
1765823475198 0.004157408606261015 39
1765823475256 0.004144470673054457 40
1765823475318 0.004136631730943918 41
1765823475378 0.004122366663068533 42
1765823475435 0.004092581104487181 43
1765823475491 0.004041212610900402 44
1765823475546 0.00396546209231019 45
1765823475596 0.0038656736724078655 46
1765823475644 0.0037448913790285587 47
1765823475694 0.0036081678699702024 48
1765823475744 0.0034617576748132706 49
1765823475796 0.0033858115784823895 50
1765823475848 0.0033080410212278366 51
1765823475892 0.0032301535829901695 52
1765823475941 0.0031536610331386328 53
1765823475999 0.003079830203205347 54
1765823476056 0.003009648295119405 55
1765823476111 0.0029438172932714224 56
1765823476162 0.0028827546630054712 57
1765823476215 0.0028266196604818106 58
1765823476264 0.002775339875370264 59
1765823476316 0.0027286505792289972 60
1765823476370 0.0027069621719419956 61
1765823476421 0.002686312422156334 62
1765823476477 0.002666568849235773 63
1765823476530 0.002647604327648878 64
1765823476584 0.00262929848395288 65
1765823476633 0.0026115435175597668 66
1765823476687 0.002594241639599204 67
1765823476740 0.002577301114797592 68
1765823476798 0.002560648135840893 69
1765823476856 0.00254421797581017 70
1765823476914 0.0025279552210122347 71
1765823476970 0.0025198610965162516 72
1765823477032 0.0025117690674960613 73
1765823477094 0.002503669820725918 74
1765823477154 0.0024955617263913155 75
1765823477210 0.002487441524863243 76
1765823477262 0.0024793092161417007 77
1765823477313 0.002471164334565401 78
1765823477362 0.002463008277118206 79
1765823477421 0.0024548443034291267 80
1765823477484 0.002446673111990094 81
1765823477533 0.002438498893752694 82
1765823477589 0.0024344075936824083 83
1765823477644 0.0024303081445395947 84
1765823477697 0.0024262021761387587 85
1765823477751 0.0024220903869718313 86
1765823477807 0.0024179723113775253 87
1765823477854 0.002413850510492921 88
1765823477902 0.0024097224231809378 89
1765823477953 0.002405592007562518 90
1765823478007 0.0024014580994844437 91
1765823478060 0.0023973211646080017 92
1765823478114 0.002393182832747698 93
1765823478172 0.002391111571341753 94
1765823478225 0.002389036351814866 95
1765823478280 0.0023869581054896116 96
1765823478332 0.0023848768323659897 97
1765823478388 0.0023827918339520693 98
1765823478444 0.0023807035759091377 99
1765823478496 0.0023786111269146204 100
1765823478545 0.0023765151854604483 101
1765823478600 0.0023744164500385523 102
1765823478657 0.002372313290834427 103
1765823478711 0.0023702075704932213 104
1765823473117 0.3301665782928467 0
