1765823473141 0.5339574813842773 0
1765823473196 0.4282926023006439 1
1765823473253 0.2843262851238251 2
1765823473308 0.10378289967775345 3
1765823473360 0.49939602613449097 4
1765823473411 0.19941432774066925 5
1765823473465 0.10520903021097183 6
1765823473517 0.14990906417369843 7
1765823473572 0.19237494468688965 8
1765823473620 0.20763039588928223 9
1765823473674 0.20190900564193726 10
1765823473724 0.1795644313097 11
1765823473780 0.1442854106426239 12
1765823473832 0.10758045315742493 13
1765823473887 0.08637629449367523 14
1765823473942 0.10122333467006683 15
1765823474000 0.13999749720096588 16
1765823474053 0.14246979355812073 17
1765823474102 0.12860849499702454 18
1765823474146 0.10830751806497574 19
1765823474192 0.09198565781116486 20
1765823474248 0.08160517364740372 21
1765823474298 0.07775674015283585 22
1765823474353 0.07850521802902222 23
1765823474408 0.08086056262254715 24
1765823474460 0.08318166434764862 25
1765823474513 0.08435261249542236 26
1765823474570 0.08414053916931152 27
1765823474623 0.08319762349128723 28
1765823474676 0.08142656087875366 29
1765823474731 0.07890675961971283 30
1765823474774 0.07577823102474213 31
1765823474828 0.07225186377763748 32
1765823474881 0.06840724498033524 33
1765823474934 0.0645073652267456 34
1765823474986 0.060945723205804825 35
1765823475043 0.057822685688734055 36
1765823475105 0.05554898455739021 37
1765823475162 0.05428420379757881 38
1765823475218 0.05395929142832756 39
1765823475279 0.05370326340198517 40
1765823475338 0.05353406071662903 41
1765823475398 0.053318191319704056 42
1765823475454 0.0530129112303257 43
1765823475510 0.05257933586835861 44
1765823475564 0.05199083313345909 45
1765823475613 0.05124133452773094 46
1765823475661 0.05033789947628975 47
1765823475711 0.04931095615029335 48
1765823475762 0.04822063818573952 49
1765823475814 0.047650501132011414 50
1765823475866 0.047067318111658096 51
1765823475909 0.04647785425186157 52
1765823475961 0.04589324817061424 53
1765823476021 0.045320142060518265 54
1765823476077 0.04476610943675041 55
1765823476129 0.04424101859331131 56
1765823476181 0.043739255517721176 57
1765823476234 0.0432625450193882 58
1765823476288 0.04280097037553787 59
1765823476334 0.04236990213394165 60
1765823476388 0.0421765074133873 61
1765823476442 0.0419924296438694 62
1765823476499 0.04181450232863426 63
1765823476551 0.04164465516805649 64
1765823476602 0.04148125275969505 65
1765823476654 0.04132244363427162 66
1765823476706 0.04116746783256531 67
1765823476761 0.041013605892658234 68
1765823476821 0.04085921123623848 69
1765823476877 0.040704261511564255 70
1765823476935 0.04054872319102287 71
1765823476991 0.0404706634581089 72
1765823477053 0.04039232060313225 73
1765823477116 0.04031367972493172 74
1765823477175 0.04023505002260208 75
1765823477228 0.04015606269240379 76
1765823477280 0.04007670283317566 77
1765823477332 0.03999699652194977 78
1765823477383 0.03991693630814552 79
1765823477444 0.03983704745769501 80
1765823477503 0.03975797817111015 81
1765823477554 0.03967898339033127 82
1765823477608 0.03963957726955414 83
1765823477665 0.03960008919239044 84
1765823477717 0.03956051915884018 85
1765823477771 0.039520859718322754 86
1765823477824 0.03948109596967697 87
1765823477871 0.03944123536348343 88
1765823477919 0.039401259273290634 89
1765823477975 0.039361175149679184 90
1765823478026 0.03932098671793938 91
1765823478078 0.03928067535161972 92
1765823478136 0.03924059867858887 93
1765823478192 0.03922051936388016 94
1765823478245 0.039200372993946075 95
1765823478298 0.03918017819523811 96
1765823478353 0.039159927517175674 97
1765823478409 0.03913960978388786 98
1765823478462 0.03911923989653587 99
1765823478515 0.03909878805279732 100
1765823478563 0.039078280329704285 101
1765823478621 0.039057716727256775 102
1765823478675 0.0390370711684227 103
1765823478735 0.03901637718081474 104
1765823473141 0.5339574813842773 0
