1764859714516 0.24922679364681244 0
1764859714569 0.224141925573349 1
1764859714620 0.200755313038826 2
1764859714669 0.1789083480834961 3
1764859714718 0.15843942761421204 4
1764859714760 0.13922208547592163 5
1764859714800 0.12121089547872543 6
1764859714844 0.10449311137199402 7
1764859714883 0.08933030068874359 8
1764859714928 0.07619669288396835 9
1764859714974 0.06580742448568344 10
1764859715020 0.059096809476614 11
1764859715066 0.05702516809105873 12
1764859715107 0.05990658327937126 13
1764859715152 0.06603724509477615 14
1764859715194 0.07164151966571808 15
1764859715233 0.07392172515392303 16
1764859715280 0.07263381779193878 17
1764859715325 0.06907723098993301 18
1764859715369 0.06483234465122223 19
1764859715411 0.06108894944190979 20
1764859715455 0.05846306309103966 21
1764859715502 0.0570792593061924 22
1764859715543 0.056750498712062836 23
1764859715588 0.05715232715010643 24
1764859715632 0.057945843786001205 25
1764859715667 0.058844514191150665 26
1764859715712 0.059639520943164825 27
1764859715749 0.06020073592662811 28
1764859715789 0.06046643108129501 29
1764859715835 0.06042938679456711 30
1764859715883 0.06012307107448578 31
1764859715926 0.05960922688245773 32
1764859715968 0.05896688252687454 33
1764859716014 0.058282364159822464 34
1764859716059 0.057639509439468384 35
1764859716102 0.057110246270895004 36
1764859716145 0.056745514273643494 37
1764859716190 0.05656793341040611 38
1764859716235 0.056567974388599396 39
1764859716337 0.05670551210641861 40
1764859716393 0.05691815912723541 41
1764859716430 0.05713532492518425 42
1764859716477 0.05729484185576439 43
1764859716523 0.057357076555490494 44
1764859716570 0.057312000542879105 45
1764859716613 0.05717724189162254 46
1764859716657 0.05698903277516365 47
1764859716703 0.05678962916135788 48
1764859716742 0.056615907698869705 49
1764859716787 0.056491926312446594 50
1764859716834 0.05642642453312874 51
1764859716876 0.05641443282365799 52
1764859716918 0.05644147843122482 53
1764859716957 0.05648867413401604 54
1764859716999 0.056537386029958725 55
1764859717040 0.05657268688082695 56
1764859717099 0.05658537894487381 57
1764859717153 0.056572575122117996 58
1764859717201 0.056537069380283356 59
1764859717252 0.0564858503639698 60
1764859717304 0.05642816424369812 61
1764859717346 0.05637336149811745 62
1764859717390 0.056329019367694855 63
1764859717435 0.056299563497304916 64
1764859717474 0.056285738945007324 65
1764859717510 0.05628478527069092 66
1764859717549 0.05629153922200203 67
1764859717588 0.05629989877343178 68
1764859717631 0.05630442872643471 69
1764859717677 0.056301552802324295 70
1764859717724 0.05629022419452667 71
1764859717768 0.056271761655807495 72
1764859717814 0.05624911189079285 73
1764859717857 0.056225843727588654 74
1764859717902 0.056205105036497116 75
1764859717943 0.0561889111995697 76
1764859717989 0.05617782846093178 77
1764859718035 0.05617111548781395 78
1764859718080 0.056167121976614 79
1764859718124 0.05616387352347374 80
1764859718167 0.0561596155166626 81
1764859718215 0.056153204292058945 82
1764859718257 0.05614425987005234 83
1764859718298 0.05613314360380173 84
1764859718340 0.056120749562978745 85
1764859718387 0.05610818788409233 86
1764859718421 0.05609644576907158 87
1764859718467 0.05608620494604111 88
1764859718510 0.05607761815190315 89
1764859718552 0.05607043206691742 90
1764859718599 0.05606408417224884 91
1764859718644 0.056057874113321304 92
1764859718684 0.05605123192071915 93
1764859718729 0.056043826043605804 94
1764859718766 0.056035611778497696 95
1764859718809 0.05602681264281273 96
1764859718857 0.056017808616161346 97
1764859718903 0.05600900948047638 98
1764859718949 0.05600067973136902 99
1764859718997 0.0559929795563221 100
1764859719040 0.05598583072423935 101
1764859719080 0.055979061871767044 102
1764859719122 0.055972419679164886 103
1764859719165 0.05596569553017616 104
1764859719214 0.055958762764930725 105
1764859719260 0.055951595306396484 106
1764859719301 0.055944252759218216 107
1764859719346 0.05593688040971756 108
1764859719383 0.055929604917764664 109
1764859719428 0.05592254921793938 110
1764859719470 0.055915750563144684 111
1764859719518 0.0559091791510582 112
1764859719564 0.05590277165174484 113
1764859719610 0.05589643865823746 114
1764859719643 0.055890098214149475 115
1764859719681 0.055883705615997314 116
1764859719724 0.055877286940813065 117
1764859719761 0.05587084963917732 118
1764859719803 0.05586446821689606 119
1764859719845 0.05585818365216255 120
1764859719883 0.055852022022008896 121
1764859719930 0.05584598705172539 122
1764859719973 0.05584007129073143 123
1764859720020 0.055834222584962845 124
1764859720059 0.05582842603325844 125
1764859720097 0.05582265555858612 126
1764859720138 0.0558168962597847 127
1764859720179 0.055811166763305664 128
1764859720215 0.05580548569560051 129
1764859720257 0.055799879133701324 130
1764859720305 0.05579434707760811 131
1764859720348 0.055788904428482056 132
1764859720387 0.05578353628516197 133
1764859720423 0.05577823519706726 134
1764859720467 0.05577297881245613 135
1764859720512 0.05576777458190918 136
1764859720547 0.05576259642839432 137
1764859720590 0.05575747415423393 138
1764859720634 0.05575240030884743 139
1764859720678 0.0557473823428154 140
1764859720721 0.05574243143200874 141
1764859720768 0.05573755130171776 142
1764859720812 0.05573271960020065 143
1764859720849 0.055727940052747726 144
1764859720891 0.05572321638464928 145
1764859720936 0.05571853369474411 146
1764859720975 0.055713895708322525 147
1764859721021 0.05570930242538452 148
1764859721063 0.055704765021800995 149
1764859721107 0.05570027604699135 150
1764859721154 0.05569583177566528 151
1764859721198 0.055691447108983994 152
1764859721242 0.05568710342049599 153
1764859721289 0.05568280443549156 154
1764859721331 0.05567855387926102 155
1764859721374 0.055674340575933456 156
1764859721421 0.05567016452550888 157
1764859721467 0.05566604435443878 158
1764859721504 0.05566195771098137 159
1764859721551 0.055657919496297836 160
1764859721598 0.05565391853451729 161
1764859721632 0.055649954825639725 162
1764859721679 0.05564603954553604 163
1764859721726 0.055642157793045044 164
1764859721768 0.055638302117586136 165
1764859721804 0.05563449114561081 166
1764859721846 0.055630721151828766 167
1764859721888 0.05562698096036911 168
1764859721933 0.05562327429652214 169
1764859721974 0.055619608610868454 170
1764859722018 0.05561595782637596 171
1764859722067 0.05561235174536705 172
1764859722116 0.055608779191970825 173
1764859722169 0.05560523271560669 174
1764859722219 0.05560171231627464 175
1764859722270 0.05559823289513588 176
1764859722323 0.05559476837515831 177
1764859722373 0.05559133365750313 178
1764859722423 0.055587925016880035 179
1764859722473 0.05558454617857933 180
1764859722522 0.055581189692020416 181
1764859722573 0.05557785928249359 182
1764859722621 0.055574554949998856 183
1764859722665 0.05557127669453621 184
1764859722702 0.055568013340234756 185
1764859722748 0.05556477606296539 186
1764859722793 0.055561553686857224 187
1764859722839 0.05555836111307144 188
1764859722881 0.05555519461631775 189
1764859722926 0.05555203557014465 190
1764859722977 0.05554889142513275 191
1764859723023 0.055545780807733536 192
1764859723062 0.055542681366205215 193
1764859723107 0.05553960055112839 194
1764859723151 0.055536530911922455 195
1764859723199 0.05553348734974861 196
1764859723248 0.05553045868873596 197
1764859723296 0.055527444928884506 198
1764859723341 0.055524446070194244 199
1764859723384 0.05552145838737488 200
1764859723431 0.0555184967815876 201
1764859723482 0.05551554262638092 202
1764859723530 0.055512603372335434 203
1764859723583 0.05550967529416084 204
1764859723632 0.05550676956772804 205
1764859723684 0.05550386756658554 206
1764859723736 0.05550098046660423 207
1764859723786 0.055498115718364716 208
1764859723835 0.055495258420705795 209
1764859723883 0.05549240857362747 210
1764859723930 0.05548957362771034 211
1764859723976 0.055486757308244705 212
1764859724021 0.05548395216464996 213
1764859724064 0.05548115447163582 214
1764859724111 0.05547836795449257 215
1764859724156 0.055475588887929916 216
1764859724205 0.055472832173109055 217
1764859724261 0.05547007545828819 218
1764859724304 0.05546734109520912 219
1764859724348 0.05546461045742035 220
1764859724395 0.05546189099550247 221
1764859724441 0.05545918643474579 222
1764859724491 0.0554564893245697 223
1764859724538 0.05545379966497421 224
1764859724579 0.055451128631830215 225
1764859724622 0.055448465049266815 226
1764859724656 0.05544580891728401 227
1764859724695 0.055443160235881805 228
1764859724743 0.05544053018093109 229
1764859724787 0.055437903851270676 230
1764859724835 0.055435292422771454 231
1764859724876 0.05543268471956253 232
1764859724922 0.0554300956428051 233
1764859724965 0.05542751029133797 234
1764859725011 0.05542493984103203 235
1764859725053 0.05542237311601639 236
1764859725101 0.05541981756687164 237
1764859725140 0.055417269468307495 238
1764859725177 0.055414728820323944 239
1764859725218 0.05541220307350159 240
1764859725264 0.055409692227840424 241
1764859725308 0.05540718138217926 242
1764859725354 0.05540468543767929 243
1764859725394 0.05540219694375992 244
1764859725435 0.05539971590042114 245
1764859725481 0.05539724975824356 246
1764859725526 0.05539478361606598 247
1764859725571 0.05539232864975929 248
1764859725612 0.0553898848593235 249
1764859725659 0.055387452244758606 250
1764859725703 0.055385030806064606 251
1764859725746 0.055382609367370605 252
1764859725791 0.0553802028298378 253
1764859725835 0.05537780374288559 254
1764859725870 0.055375415831804276 255
1764859725912 0.05537302792072296 256
1764859725956 0.05537066236138344 257
1764859725997 0.05536830052733421 258
1764859726034 0.055365949869155884 259
1764859726087 0.05536360293626785 260
1764859726133 0.05536126717925072 261
1764859726178 0.05535893514752388 262
1764859726222 0.05535661801695824 263
1764859726261 0.05535430461168289 264
1764859726300 0.055351998656988144 265
1764859726337 0.05534970760345459 266
1764859726381 0.05534742772579193 267
1764859726425 0.05534514784812927 268
1764859726465 0.05534287914633751 269
1764859726512 0.05534062162041664 270
1764859726559 0.05533836781978607 271
1764859726604 0.055336128920316696 272
1764859726645 0.05533389374613762 273
1764859726690 0.05533166602253914 274
1764859726733 0.055329449474811554 275
1764859726774 0.055327240377664566 276
1764859726812 0.055325042456388474 277
1764859726850 0.05532284453511238 278
1764859726891 0.05532066896557808 279
1764859726936 0.05531848967075348 280
1764859726980 0.05531632527709007 281
1764859727025 0.055314160883426666 282
1764859727068 0.055312011390924454 283
1764859727109 0.05530987307429314 284
1764859727151 0.05530773848295212 285
1764859727196 0.055305615067481995 286
1764859727238 0.055303506553173065 287
1764859727272 0.05530139431357384 288
1764859727315 0.055299289524555206 289
1764859727353 0.05529720336198807 290
1764859727396 0.05529511719942093 291
1764859727439 0.055293045938014984 292
1764859727484 0.05529097467660904 293
1764859727528 0.055288925766944885 294
1764859727572 0.05528687685728073 295
1764859727612 0.055284831672906876 296
1764859727656 0.05528280884027481 297
1764859727696 0.05528078228235245 298
1764859727737 0.05527877435088158 299
1764859727781 0.05527676269412041 300
1764859727827 0.05527476966381073 301
1764859727865 0.05527278408408165 302
1764859727905 0.055270805954933167 303
1764859727944 0.05526883527636528 304
1764859727985 0.05526687949895859 305
1764859728027 0.055264923721551895 306
1764859728068 0.055262982845306396 307
1764859728106 0.055261049419641495 308
1764859728148 0.05525912716984749 309
1764859728194 0.05525720864534378 310
1764859728237 0.05525530129671097 311
1764859728280 0.05525340139865875 312
1764859728323 0.05525151267647743 313
1764859728366 0.055249642580747604 314
1764859728402 0.055247772485017776 315
1764859728445 0.055245913565158844 316
1764859728484 0.05524405837059021 317
1764859728526 0.05524221807718277 318
1764859728570 0.05524039268493652 319
1764859728614 0.05523856356739998 320
1764859728659 0.055236756801605225 321
1764859728702 0.05523495748639107 322
1764859728745 0.05523316189646721 323
1764859728789 0.055231381207704544 324
1764859728836 0.055229607969522476 325
1764859728883 0.055227842181921005 326
1764859728929 0.05522609502077103 327
1764859728975 0.05522435903549194 328
1764859729020 0.05522262305021286 329
1764859729067 0.05522090196609497 330
1764859729115 0.05521918833255768 331
1764859729158 0.05521748960018158 332
1764859729200 0.05521579831838608 333
1764859729243 0.05521412193775177 334
1764859729289 0.05521244928240776 335
1764859729337 0.055210795253515244 336
1764859729381 0.055209144949913025 337
1764859729425 0.055207509547472 338
1764859729472 0.05520588904619217 339
1764859729520 0.055204275995492935 340
1764859729566 0.0552026741206646 341
1764859729610 0.05520108342170715 342
1764859729653 0.055199503898620605 343
1764859729700 0.055197931826114655 344
1764859729741 0.0551963709294796 345
1764859729782 0.05519483610987663 346
1764859729828 0.055193301290273666 347
1764859729876 0.055191777646541595 348
1764859729918 0.05519026890397072 349
1764859729964 0.05518876761198044 350
1764859730005 0.05518728122115135 351
1764859730052 0.05518580600619316 352
1764859730096 0.055184345692396164 353
1764859730143 0.05518289655447006 354
1764859730185 0.05518145114183426 355
1764859730226 0.055180031806230545 356
1764859730269 0.05517861619591713 357
1764859730314 0.055177219212055206 358
1764859730360 0.05517582222819328 359
1764859730408 0.05517444759607315 360
1764859730451 0.055173080414533615 361
1764859730493 0.05517173558473587 362
1764859730540 0.055170390754938126 363
1764859730586 0.05516906455159187 364
1764859730630 0.055167749524116516 365
1764859730674 0.05516644939780235 366
1764859730714 0.05516515672206879 367
1764859730757 0.05516388267278671 368
1764859730798 0.055162619799375534 369
1764859730845 0.05516136437654495 370
1764859730888 0.05516013130545616 371
1764859730932 0.05515890195965767 372
1764859730978 0.05515768751502037 373
1764859731022 0.05515649542212486 374
1764859731065 0.05515529587864876 375
1764859731107 0.05515412241220474 376
1764859731149 0.055152956396341324 377
1764859731187 0.0551518052816391 378
1764859731234 0.05515067279338837 379
1764859731280 0.05514954403042793 380
1764859731322 0.055148426443338394 381
1764859731363 0.05514732748270035 382
1764859731408 0.0551462359726429 383
1764859731455 0.05514515936374664 384
1764859731498 0.055144090205430984 385
1764859731537 0.05514304339885712 386
1764859731580 0.05514200031757355 387
1764859731627 0.05514096841216087 388
1764859731664 0.055139947682619095 389
1764859731709 0.05513894557952881 390
1764859731752 0.05513795092701912 391
1764859731796 0.055136967450380325 392
1764859731840 0.05513599142432213 393
1764859731886 0.055135034024715424 394
1764859731932 0.055134084075689316 395
1764859731977 0.0551331453025341 396
1764859732016 0.05513221397995949 397
1764859732059 0.055131297558546066 398
1764859732105 0.05513039231300354 399
1764859732152 0.05512949451804161 400
1764859732196 0.05512860789895058 401
1764859732238 0.05512772500514984 402
1764859732283 0.0551268607378006 403
1764859732329 0.05512600764632225 404
1764859732374 0.055125150829553604 405
1764859732421 0.05512431636452675 406
1764859732466 0.05512348562479019 407
1764859732513 0.05512266606092453 408
1764859732560 0.055121853947639465 409
1764859732608 0.055121053010225296 410
1764859732657 0.055120259523391724 411
1764859732704 0.05511946976184845 412
1764859732749 0.05511869117617607 413
1764859732795 0.05511792004108429 414
1764859732841 0.055117167532444 415
1764859732888 0.05511640012264252 416
1764859732933 0.05511565878987312 417
1764859732971 0.05511491745710373 418
1764859733012 0.05511418357491493 419
1764859733056 0.05511346086859703 420
1764859733100 0.05511273443698883 421
1764859733142 0.05511202663183212 422
1764859733185 0.05511131510138512 423
1764859733228 0.05511061102151871 424
1764859733265 0.05510991811752319 425
1764859733308 0.05510922893881798 426
1764859733354 0.05510854721069336 427
1764859733394 0.05510786548256874 428
1764859733435 0.05510719120502472 429
1764859733474 0.055106524378061295 430
1764859733522 0.05510586127638817 431
1764859733567 0.05510519817471504 432
1764859733618 0.055104538798332214 433
1764859733669 0.05510389432311058 434
1764859733714 0.05510324612259865 435
1764859733759 0.055102601647377014 436
1764859733805 0.05510196462273598 437
1764859733845 0.05510132759809494 438
1764859733895 0.0551007017493248 439
1764859733951 0.05510007217526436 440
1764859734005 0.055099453777074814 441
1764859734055 0.05509882792830467 442
1764859734103 0.05509820207953453 443
1764859734151 0.05509759485721588 444
1764859734201 0.05509697273373604 445
1764859734252 0.05509636551141739 446
1764859734301 0.05509575828909874 447
1764859734350 0.05509515106678009 448
1764859734401 0.05509454011917114 449
1764859734449 0.055093951523303986 450
1764859734498 0.055093348026275635 451
1764859734561 0.05509274825453758 452
1764859734617 0.05509214848279953 453
1764859734658 0.055091552436351776 454
1764859734702 0.05509096384048462 455
1764859734744 0.055090367794036865 456
1764859734785 0.05508978292346001 457
1764859734828 0.05508919060230255 458
1764859734867 0.055088602006435394 459
1764859734912 0.055088017135858536 460
1764859734954 0.05508743226528168 461
1764859734990 0.05508684739470482 462
1764859735033 0.05508626252412796 463
1764859735071 0.0550856851041317 464
1764859735109 0.05508509278297424 465
1764859735144 0.05508451536297798 466
1764859735186 0.05508393794298172 467
1764859735229 0.05508335679769516 468
1764859735273 0.0550827793776989 469
1764859735326 0.05508219450712204 470
1764859735379 0.05508161708712578 471
1764859735429 0.05508103594183922 472
1764859735477 0.05508045852184296 473
1764859735529 0.055079877376556396 474
1764859735574 0.055079299956560135 475
1764859735621 0.05507872253656387 476
1764859735666 0.05507814139127731 477
1764859735707 0.05507757142186165 478
1764859735752 0.05507698655128479 479
1764859735802 0.05507640540599823 480
1764859735854 0.05507582798600197 481
1764859735904 0.05507524684071541 482
1764859735954 0.05507466942071915 483
1764859736012 0.05507408455014229 484
1764859736079 0.05507349967956543 485
1764859736135 0.05507292225956917 486
1764859736182 0.055072348564863205 487
1764859736231 0.055071763694286346 488
1764859736278 0.05507117882370949 489
1764859736331 0.05507059395313263 490
1764859736383 0.05507001653313637 491
1764859736433 0.055069439113140106 492
1764859736485 0.05506884679198265 493
1764859736536 0.05506826192140579 494
1764859736589 0.055067677050828934 495
1764859736640 0.055067092180252075 496
1764859736688 0.05506650730967522 497
1764859736738 0.05506592243909836 498
1764859736784 0.055065326392650604 499
1764859714516 0.24922679364681244 0
