1765823996381 0.449258416891098 0
1765823996522 0.39417076110839844 1
1765823996654 0.34645822644233704 2
1765823996776 0.29328006505966187 3
1765823996902 0.2030469924211502 4
1765823997035 0.14417283236980438 5
1765823997187 0.3143056035041809 6
1765823997316 0.18647587299346924 7
1765823997465 0.13546869158744812 8
1765823997610 0.15307873487472534 9
1765823997744 0.17592954635620117 10
1765823997867 0.18252567946910858 11
1765823997994 0.17465144395828247 12
1765823998117 0.15614229440689087 13
1765823998230 0.13477450609207153 14
1765823998376 0.11974793672561646 15
1765823998532 0.12168403714895248 16
1765823998691 0.14087098836898804 17
1765823998842 0.15439648926258087 18
1765823998976 0.14554651081562042 19
1765823999117 0.12025652080774307 20
1765823999262 0.09567256271839142 21
1765823999404 0.08384937793016434 22
1765823999558 0.08599010109901428 23
1765823999717 0.09133289754390717 24
1765823999858 0.08908369392156601 25
1765823999975 0.0758739709854126 26
1765824000101 0.05702953040599823 27
1765824000228 0.04948411509394646 28
1765824000347 0.06375366449356079 29
1765824000472 0.0749233141541481 30
1765824000602 0.06741707026958466 31
1765824000786 0.0537884458899498 32
1765824000936 0.053770389407873154 33
1765824001059 0.06453179568052292 34
1765824001178 0.07072194665670395 35
1765824001312 0.06782906502485275 36
1765824001515 0.058429375290870667 37
1765824001658 0.05045819282531738 38
1765824001800 0.05013882741332054 39
1765824001951 0.051909975707530975 40
1765824002091 0.05222193896770477 41
1765824002344 0.050572674721479416 42
1765824002513 0.04803156852722168 43
1765824002673 0.04660581797361374 44
1765824002824 0.046699658036231995 45
1765824002951 0.04771829769015312 46
1765824003070 0.04879798740148544 47
1765824003192 0.04951372370123863 48
1765824003308 0.04951535910367966 49
1765824003446 0.048817675560712814 50
1765824003582 0.048294905573129654 51
1765824003711 0.04768757149577141 52
1765824003828 0.04710611701011658 53
1765824003944 0.04663492739200592 54
1765824004078 0.04634154587984085 55
1765824004231 0.04628827050328255 56
1765824004392 0.04632565379142761 57
1765824004540 0.04637565463781357 58
1765824004677 0.04638378694653511 59
1765824004814 0.04629485309123993 60
1765824004998 0.046111296862363815 61
1765824005178 0.04586660861968994 62
1765824005386 0.04563141241669655 63
1765824005547 0.045427195727825165 64
1765824005703 0.045310862362384796 65
1765824005846 0.04530807584524155 66
1765824005989 0.04537409171462059 67
1765824006138 0.04544377326965332 68
1765824006355 0.045466769486665726 69
1765824006575 0.04542931914329529 70
1765824006872 0.04531322419643402 71
1765824007088 0.04521775618195534 72
1765824007316 0.04509506747126579 73
1765824007608 0.044956982135772705 74
1765824007824 0.04481584206223488 75
1765824008014 0.044668782502412796 76
1765824008294 0.04453326761722565 77
1765824008464 0.044405970722436905 78
1765824008626 0.04428723827004433 79
1765824008799 0.04419262707233429 80
1765824008993 0.044115178287029266 81
1765824009140 0.04404865577816963 82
1765824009304 0.044019781053066254 83
1765824009459 0.043993689119815826 84
1765824009611 0.04397019371390343 85
1765824009740 0.043949101120233536 86
1765824009847 0.04393015056848526 87
1765824009973 0.043913066387176514 88
1765824010107 0.04389815777540207 89
1765824010224 0.04388706013560295 90
1765824010343 0.04387875273823738 91
1765824010486 0.04387350380420685 92
1765824010601 0.043869778513908386 93
1765824010731 0.04386863857507706 94
1765824010853 0.04386792704463005 95
1765824011038 0.04386752098798752 96
1765824011165 0.043867021799087524 97
1765824011341 0.04386591538786888 98
1765824011499 0.04386410489678383 99
1765824011717 0.04386152699589729 100
1765824011878 0.0438581220805645 101
1765824012076 0.043853871524333954 102
1765824012372 0.04384871572256088 103
1765824012584 0.043842703104019165 104
1765824013005 0.043839264661073685 105
1765824013334 0.04383539408445358 106
1765824013537 0.04383111372590065 107
1765824013694 0.04382645711302757 108
1765824013849 0.043821439146995544 109
1765824013975 0.04381609335541725 110
1765824014085 0.04381047189235687 111
1765824014195 0.043804578483104706 112
1765824014315 0.04379843920469284 113
1765824014431 0.04379206895828247 114
1765824014535 0.04378549009561539 115
1765824014663 0.04378211870789528 116
1765824014803 0.04377865046262741 117
1765824014919 0.04377511888742447 118
1765824015033 0.043771520256996155 119
1765824015155 0.043767865747213364 120
1765824015289 0.043764155358076096 121
1765824015431 0.04376039281487465 122
1765824015560 0.043756600469350815 123
1765824015690 0.0437527671456337 124
1765824015831 0.04374891147017479 125
1765824015964 0.043745025992393494 126
1765824016100 0.0437430739402771 127
1765824016238 0.04374111443758011 128
1765824016364 0.04373914375901222 129
1765824016475 0.04373716562986374 130
1765824016594 0.04373518377542496 131
1765824016698 0.043733201920986176 132
1765824016828 0.0437312088906765 133
1765824016960 0.043729208409786224 134
1765824017074 0.04372720792889595 135
1765824017188 0.043725211173295975 136
1765824017308 0.0437232069671154 137
1765824017432 0.043722204864025116 138
1765824017545 0.04372119903564453 139
1765824017658 0.04372019320726395 140
1765824017792 0.04371918737888336 141
1765824017985 0.04371818155050278 142
1765824018109 0.043717171996831894 143
1765824018235 0.04371616616845131 144
1765824018358 0.043715156614780426 145
1765824018486 0.043714143335819244 146
1765824018616 0.04371313378214836 147
1765824018743 0.04371212422847748 148
1765824018860 0.04371161386370659 149
1765824018989 0.043711107224226 150
1765824019113 0.04371059685945511 151
1765824019211 0.04371009021997452 152
1765824019324 0.04370957612991333 153
1765824019435 0.04370906949043274 154
1765824019620 0.04370855912566185 155
1765824019758 0.04370804503560066 156
1765824019881 0.04370753467082977 157
1765824019998 0.043707020580768585 158
1765823996381 0.449258416891098 0
