1765823996370 0.5087957382202148 0
1765823996510 0.4574817419052124 1
1765823996642 0.41088828444480896 2
1765823996763 0.3562481701374054 3
1765823996891 0.26314523816108704 4
1765823997020 0.16620010137557983 5
1765823997174 0.3360491096973419 6
1765823997304 0.2135327160358429 7
1765823997450 0.16157777607440948 8
1765823997598 0.20184746384620667 9
1765823997732 0.2311936616897583 10
1765823997856 0.23847264051437378 11
1765823997984 0.22897958755493164 12
1765823998106 0.20670931041240692 13
1765823998220 0.1759607195854187 14
1765823998362 0.14689341187477112 15
1765823998518 0.1392906755208969 16
1765823998677 0.15808136761188507 17
1765823998827 0.17340141534805298 18
1765823998965 0.16333986818790436 19
1765823999101 0.13478399813175201 20
1765823999250 0.10990558564662933 21
1765823999394 0.10522560030221939 22
1765823999543 0.11360432207584381 23
1765823999701 0.11953069269657135 24
1765823999847 0.11490096896886826 25
1765823999965 0.09780440479516983 26
1765824000091 0.07329826056957245 27
1765824000218 0.06271561980247498 28
1765824000336 0.08037765324115753 29
1765824000461 0.09427379071712494 30
1765824000589 0.08622541278600693 31
1765824000769 0.06862954795360565 32
1765824000923 0.06597203761339188 33
1765824001050 0.07766775041818619 34
1765824001169 0.08508023619651794 35
1765824001298 0.08163256198167801 36
1765824001502 0.07092063128948212 37
1765824001645 0.06282845884561539 38
1765824001787 0.06500324606895447 39
1765824001938 0.06753114610910416 40
1765824002076 0.06807469576597214 41
1765824002329 0.06619025766849518 42
1765824002498 0.0629347488284111 43
1765824002659 0.06004784628748894 44
1765824002812 0.058839745819568634 45
1765824002941 0.05939203500747681 46
1765824003059 0.0607621893286705 47
1765824003181 0.06184781715273857 48
1765824003296 0.0620097853243351 49
1765824003436 0.06121691316366196 50
1765824003571 0.060520801693201065 51
1765824003699 0.059701211750507355 52
1765824003815 0.058958061039447784 53
1765824003932 0.05844764783978462 54
1765824004066 0.058240171521902084 55
1765824004215 0.05830514058470726 56
1765824004379 0.05853162333369255 57
1765824004530 0.05877447500824928 58
1765824004665 0.05890589579939842 59
1765824004802 0.058853473514318466 60
1765824004980 0.05861435458064079 61
1765824005160 0.05824611708521843 62
1765824005371 0.05783936008810997 63
1765824005532 0.057483505457639694 64
1765824005690 0.05723756551742554 65
1765824005834 0.05711636319756508 66
1765824005975 0.05709214136004448 67
1765824006120 0.057110875844955444 68
1765824006336 0.057115133851766586 69
1765824006552 0.057064276188611984 70
1765824006856 0.056944359093904495 71
1765824007065 0.056854523718357086 72
1765824007298 0.056743741035461426 73
1765824007585 0.05662396177649498 74
1765824007804 0.05650696903467178 75
1765824008000 0.056402649730443954 76
1765824008280 0.05631738901138306 77
1765824008451 0.0562533400952816 78
1765824008607 0.05620870366692543 79
1765824008784 0.05617855489253998 80
1765824008975 0.05615623667836189 81
1765824009126 0.05613487586379051 82
1765824009290 0.05612146109342575 83
1765824009444 0.05610387399792671 84
1765824009601 0.05608195811510086 85
1765824009730 0.056056052446365356 86
1765824009838 0.05602683871984482 87
1765824009960 0.055995259433984756 88
1765824010097 0.05596233531832695 89
1765824010212 0.055929072201251984 90
1765824010331 0.0558963418006897 91
1765824010472 0.0558648481965065 92
1765824010589 0.0558350495994091 93
1765824010720 0.05582086369395256 94
1765824010842 0.05580715090036392 95
1765824011026 0.05579390749335289 96
1765824011154 0.05578107759356499 97
1765824011327 0.055768631398677826 98
1765824011482 0.05575648695230484 99
1765824011701 0.05574459955096245 100
1765824011859 0.05573289096355438 101
1765824012060 0.05572129413485527 102
1765824012356 0.05570974573493004 103
1765824012554 0.055698201060295105 104
1765824012989 0.0556923933327198 105
1765824013314 0.05568653717637062 106
1765824013520 0.05568062141537666 107
1765824013677 0.055674657225608826 108
1765824013837 0.05566861853003502 109
1765824013964 0.05566253513097763 110
1765824014075 0.05565639212727547 111
1765824014184 0.055650193244218826 112
1765824014305 0.055643949657678604 113
1765824014421 0.055637650191783905 114
1765824014522 0.05563131347298622 115
1765824014651 0.055628128349781036 116
1765824014791 0.05562491714954376 117
1765824014908 0.05562169477343559 118
1765824015024 0.05561845004558563 119
1765824015141 0.05561519414186478 120
1765824015278 0.055611927062273026 121
1765824015415 0.055608637630939484 122
1765824015550 0.05560534447431564 123
1765824015678 0.055602025240659714 124
1765824015819 0.055598706007003784 125
1765824015953 0.05559537932276726 126
1765824016088 0.05559370294213295 127
1765824016226 0.05559202656149864 128
1765824016352 0.055590346455574036 129
1765824016464 0.055588655173778534 130
1765824016584 0.05558696389198303 131
1765824016688 0.05558525770902634 132
1765824016816 0.05558355897665024 133
1765824016948 0.055581845343112946 134
1765824017063 0.055580127984285355 135
1765824017178 0.055578406900167465 136
1765824017298 0.05557667836546898 137
1765824017422 0.055575817823410034 138
1765824017535 0.055574942380189896 139
1765824017647 0.055574074387550354 140
1765824017782 0.055573202669620514 141
1765824017974 0.05557232350111008 142
1765824018099 0.05557144433259964 143
1765824018224 0.055570561438798904 144
1765824018347 0.05556967481970787 145
1765824018475 0.05556878447532654 146
1765824018605 0.055567894130945206 147
1765824018730 0.055566996335983276 148
1765824018849 0.05556654930114746 149
1765824018977 0.055566102266311646 150
1765824019102 0.05556564778089523 151
1765824019202 0.05556520074605942 152
1765824019315 0.05556474253535271 153
1765824019424 0.055564288049936295 154
1765824019608 0.05556383356451988 155
1765824019747 0.05556337907910347 156
1765824019872 0.05556291341781616 157
1765824019989 0.05556245148181915 158
1765823996370 0.5087957382202148 0
