1765823996357 0.2588730752468109 0
1765823996499 0.20928955078125 1
1765823996630 0.16882918775081635 2
1765823996750 0.12691275775432587 3
1765823996880 0.06924542039632797 4
1765823997006 0.027622472494840622 5
1765823997161 0.11292900145053864 6
1765823997291 0.04559621959924698 7
1765823997433 0.02610737644135952 8
1765823997585 0.04074239730834961 9
1765823997719 0.053450506180524826 10
1765823997845 0.05686919763684273 11
1765823997973 0.052431654185056686 12
1765823998094 0.042728736996650696 13
1765823998207 0.030962174758315086 14
1765823998349 0.02157767303287983 15
1765823998504 0.01940189301967621 16
1765823998663 0.024989720433950424 17
1765823998811 0.03006804920732975 18
1765823998951 0.026679914444684982 19
1765823999086 0.01816672645509243 20
1765823999238 0.012079237028956413 21
1765823999383 0.011072427034378052 22
1765823999530 0.012905942276120186 23
1765823999686 0.014287587255239487 24
1765823999836 0.013202233240008354 25
1765823999954 0.009565701708197594 26
1765824000078 0.005372635088860989 27
1765824000207 0.003933248575776815 28
1765824000325 0.006460567004978657 29
1765824000448 0.008887547068297863 30
1765824000577 0.007434822153300047 31
1765824000748 0.004710014909505844 32
1765824000910 0.00435230927541852 33
1765824001038 0.006032279692590237 34
1765824001156 0.007238646503537893 35
1765824001286 0.00666387565433979 36
1765824001484 0.005029735621064901 37
1765824001632 0.003947415389120579 38
1765824001774 0.004225422162562609 39
1765824001925 0.004560456145554781 40
1765824002063 0.004634164273738861 41
1765824002310 0.004381150472909212 42
1765824002482 0.003960782196372747 43
1765824002642 0.003605743870139122 44
1765824002800 0.0034621157683432102 45
1765824002931 0.003527413820847869 46
1765824003048 0.0036920434795320034 47
1765824003169 0.003825152525678277 48
1765824003283 0.0038452136795967817 49
1765824003424 0.003747510490939021 50
1765824003558 0.003662767354398966 51
1765824003686 0.00356423482298851 52
1765824003804 0.003476053010672331 53
1765824003919 0.003416127525269985 54
1765824004054 0.003391917562112212 55
1765824004201 0.003399489214643836 56
1765824004365 0.0034259511157870293 57
1765824004516 0.003454438876360655 58
1765824004650 0.003469904651865363 59
1765824004790 0.0034637313801795244 60
1765824004964 0.003435642458498478 61
1765824005139 0.0033926102332770824 62
1765824005352 0.0033453914802521467 63
1765824005516 0.003304353216663003 64
1765824005677 0.0032761390320956707 65
1765824005821 0.0032622788567095995 66
1765824005962 0.003259512595832348 67
1765824006102 0.0032616520766168833 68
1765824006317 0.003262138459831476 69
1765824006536 0.003256331430748105 70
1765824006842 0.003242660081014037 71
1765824007049 0.003232436953112483 72
1765824007263 0.0032198522239923477 73
1765824007565 0.003206272842362523 74
1765824007787 0.003193037584424019 75
1765824007985 0.0031812589149922132 76
1765824008262 0.003171648131683469 77
1765824008435 0.003164438297972083 78
1765824008590 0.003159418236464262 79
1765824008766 0.0031560298521071672 80
1765824008959 0.003153522964566946 81
1765824009110 0.003151124343276024 82
1765824009272 0.0031496183946728706 83
1765824009430 0.0031476446893066168 84
1765824009589 0.003145185997709632 85
1765824009720 0.0031422809697687626 86
1765824009827 0.0031390066724270582 87
1765824009945 0.0031354690436273813 88
1765824010084 0.003131783101707697 89
1765824010200 0.003128061071038246 90
1765824010319 0.0031244009733200073 91
1765824010458 0.0031208812724798918 92
1765824010578 0.0031175529584288597 93
1765824010709 0.0031159687787294388 94
1765824010832 0.0031144381500780582 95
1765824011011 0.0031129599083215 96
1765824011144 0.003111528465524316 97
1765824011311 0.0031101403292268515 98
1765824011465 0.003108785953372717 99
1765824011685 0.0031074602156877518 100
1765824011843 0.003106155199930072 101
1765824012043 0.003104862757027149 102
1765824012332 0.0031035756692290306 103
1765824012538 0.0031022895127534866 104
1765824012972 0.003101642709225416 105
1765824013294 0.003100990317761898 106
1765824013499 0.0031003316398710012 107
1765824013660 0.0030996676068753004 108
1765824013823 0.003098995191976428 109
1765824013952 0.003098317887634039 110
1765824014065 0.0030976340640336275 111
1765824014172 0.003096944186836481 112
1765824014293 0.0030962491873651743 113
1765824014410 0.0030955481342971325 114
1765824014511 0.003094842890277505 115
1765824014641 0.0030944885220378637 116
1765824014780 0.0030941313598304987 117
1765824014896 0.0030937728006392717 118
1765824015012 0.003093412145972252 119
1765824015127 0.003093049628660083 120
1765824015266 0.0030926864128559828 121
1765824015402 0.0030923206359148026 122
1765824015539 0.0030919541604816914 123
1765824015665 0.0030915853567421436 124
1765824015803 0.0030912160873413086 125
1765824015940 0.0030908461194485426 126
1765824016078 0.0030906598549336195 127
1765824016213 0.0030904735904186964 128
1765824016341 0.0030902866274118423 129
1765824016453 0.0030900987330824137 130
1765824016573 0.0030899106059223413 131
1765824016678 0.0030897208489477634 132
1765824016801 0.00308953202329576 133
1765824016936 0.0030893413349986076 134
1765824017052 0.003089150646701455 135
1765824017166 0.0030889594927430153 136
1765824017288 0.003088767174631357 137
1765824017410 0.0030886714812368155 138
1765824017522 0.003088574390858412 139
1765824017637 0.0030884777661412954 140
1765824017773 0.0030883806757628918 141
1765824017962 0.003088283119723201 142
1765824018088 0.003088185330852866 143
1765824018211 0.003088087309151888 144
1765824018337 0.0030879885889589787 145
1765824018463 0.0030878898687660694 146
1765824018593 0.0030877909157425165 147
1765824018717 0.0030876912642270327 148
1765824018838 0.0030876414384692907 149
1765824018965 0.003087591612711549 150
1765824019091 0.003087541088461876 151
1765824019192 0.0030874914955347776 152
1765824019306 0.003087440738454461 153
1765824019414 0.003087390214204788 154
1765824019596 0.0030873394571244717 155
1765824019735 0.0030872889328747988 156
1765824019860 0.0030872374773025513 157
1765824019978 0.0030871860217303038 158
1765823996357 0.2588730752468109 0
