1764858136194 0.25363826751708984 0
1764858136323 0.24104659259319305 1
1764858136447 0.22894398868083954 2
1764858136597 0.21729733049869537 3
1764858136707 0.20606300234794617 4
1764858136820 0.19520212709903717 5
1764858136924 0.18468151986598969 6
1764858137031 0.1744738072156906 7
1764858137137 0.1645580232143402 8
1764858137247 0.15491999685764313 9
1764858137359 0.14555200934410095 10
1764858137469 0.13645322620868683 11
1764858137579 0.1276300847530365 12
1764858137679 0.1190970316529274 13
1764858137779 0.11087720841169357 14
1764858137881 0.10300347954034805 15
1764858137979 0.09551924467086792 16
1764858138081 0.08847922831773758 17
1764858138180 0.08194984495639801 18
1764858138277 0.07600895315408707 19
1764858138383 0.07074447721242905 20
1764858138483 0.06625117361545563 21
1764858138585 0.06262453645467758 22
1764858138686 0.05995021387934685 23
1764858138785 0.058287251740694046 24
1764858138883 0.05764344334602356 25
1764858138983 0.05794360861182213 26
1764858139080 0.05899927765130997 27
1764858139184 0.060502663254737854 28
1764858139279 0.062074534595012665 29
1764858139383 0.06336117535829544 30
1764858139475 0.06412561982870102 31
1764858139573 0.06428477168083191 32
1764858139669 0.06389039009809494 33
1764858139764 0.06308077275753021 34
1764858139861 0.06202886626124382 35
1764858139955 0.06090153753757477 36
1764858140051 0.05983420088887215 37
1764858140150 0.058919720351696014 38
1764858140248 0.058208078145980835 39
1764858140353 0.0577126182615757 40
1764858140454 0.05741940066218376 41
1764858140553 0.05729708820581436 42
1764858140670 0.05730559304356575 43
1764858140771 0.057402897626161575 44
1764858140878 0.057549744844436646 45
1764858140971 0.05771256610751152 46
1764858141070 0.05786486715078354 47
1764858141169 0.05798763781785965 48
1764858141274 0.05806899070739746 49
1764858141386 0.058103449642658234 50
1764858141487 0.058090925216674805 51
1764858141593 0.05803561955690384 52
1764858141694 0.05794491618871689 53
1764858141798 0.057828254997730255 54
1764858141896 0.057696130126714706 55
1764858141996 0.05755908787250519 56
1764858142095 0.05742688104510307 57
1764858142193 0.05730774626135826 58
1764858142291 0.05720784515142441 59
1764858142389 0.05713094025850296 60
1764858142489 0.05707823112607002 61
1764858142588 0.057048507034778595 62
1764858142686 0.057038478553295135 63
1764858142786 0.05704333633184433 64
1764858142884 0.05705744028091431 65
1764858142982 0.05707507207989693 66
1764858143077 0.057091038674116135 67
1764858143176 0.05710131675004959 68
1764858143272 0.057103320956230164 69
1764858143376 0.05709601938724518 70
1764858143478 0.05707983672618866 71
1764858143576 0.05705634132027626 72
1764858143677 0.05702783539891243 73
1764858143778 0.056996919214725494 74
1764858143871 0.056966111063957214 75
1764858143968 0.05693749338388443 76
1764858144065 0.05691255256533623 77
1764858144167 0.056892070919275284 78
1764858144270 0.056876182556152344 79
1764858144375 0.05686446651816368 80
1764858144473 0.05685608088970184 81
1764858144571 0.056849975138902664 82
1764858144667 0.056845035403966904 83
1764858144767 0.05684024468064308 84
1764858144868 0.056834783405065536 85
1764858144965 0.05682807043194771 86
1764858145062 0.05681983754038811 87
1764858145161 0.05681002885103226 88
1764858145263 0.05679886415600777 89
1764858145433 0.056786682456731796 90
1764858145533 0.05677393078804016 91
1764858145628 0.05676105245947838 92
1764858145725 0.05674846097826958 93
1764858145818 0.05673647299408913 94
1764858145919 0.056725285947322845 95
1764858146018 0.056714966893196106 96
1764858146117 0.05670548602938652 97
1764858146214 0.05669668689370155 98
1764858146313 0.05668838322162628 99
1764858136194 0.25363826751708984 0
