1765823574685 0.33245909214019775 0
1765823574794 0.1585242748260498 1
1765823574918 0.32687249779701233 2
1765823575031 0.08458591997623444 3
1765823575153 0.1465093493461609 4
1765823575264 0.1555980145931244 5
1765823575378 0.1396733522415161 6
1765823575491 0.10748017579317093 7
1765823575602 0.0606742762029171 8
1765823575727 0.014415182173252106 9
1765823575837 0.1222291961312294 10
1765823575959 0.02730209194123745 11
1765823576074 0.016341235488653183 12
1765823576186 0.029396604746580124 13
1765823576299 0.037501975893974304 14
1765823576423 0.038082197308540344 15
1765823576540 0.033889226615428925 16
1765823576667 0.027413560077548027 17
1765823576796 0.020906144753098488 18
1765823576925 0.01624084636569023 19
1765823577061 0.014732829295098782 20
1765823577196 0.016046013683080673 21
1765823577326 0.018870346248149872 22
1765823577449 0.019701072946190834 23
1765823577584 0.019460203126072884 24
1765823577678 0.018359607085585594 25
1765823577803 0.01685434766113758 26
1765823577916 0.015383231453597546 27
1765823578033 0.014228828251361847 28
1765823578146 0.013498072512447834 29
1765823578271 0.013165351934731007 30
1765823578398 0.013129273429512978 31
1765823578510 0.013260415755212307 32
1765823578622 0.013434156775474548 33
1765823578728 0.013485712930560112 34
1765823578844 0.013475412502884865 35
1765823578955 0.013397926464676857 36
1765823579059 0.013254922814667225 37
1765823579178 0.013053747825324535 38
1765823579302 0.012805961072444916 39
1765823579410 0.012525821104645729 40
1765823579529 0.012228758074343204 41
1765823579640 0.011929859407246113 42
1765823579759 0.011642532423138618 43
1765823579878 0.011377294547855854 44
1765823579993 0.011254810728132725 45
1765823580099 0.011139069683849812 46
1765823580222 0.011030239053070545 47
1765823580364 0.010927981697022915 48
1765823580506 0.010831495746970177 49
1765823580652 0.010739640332758427 50
1765823580800 0.01065098587423563 51
1765823580937 0.01056396123021841 52
1765823581051 0.010476937517523766 53
1765823581152 0.010388334281742573 54
1765823581254 0.010296717286109924 55
1765823581358 0.010248763486742973 56
1765823581477 0.010198408737778664 57
1765823581594 0.010145587846636772 58
1765823581790 0.010090299881994724 59
1765823581904 0.010032610036432743 60
1765823582027 0.009972619824111462 61
1765823582143 0.009910467080771923 62
1765823582252 0.009846318513154984 63
1765823582378 0.009780342690646648 64
1765823582499 0.009712710045278072 65
1765823582621 0.009643585421144962 66
1765823582737 0.009608369320631027 67
1765823582850 0.009572586975991726 68
1765823582984 0.009536280296742916 69
1765823583102 0.009499498642981052 70
1765823583226 0.009462278336286545 71
1765823583340 0.00942465290427208 72
1765823583456 0.009386646561324596 73
1765823583567 0.009348279796540737 74
1765823583671 0.009309569373726845 75
1765823583773 0.009270526468753815 76
1765823583885 0.009231147356331348 77
1765823584008 0.009211305528879166 78
1765823584132 0.009191319346427917 79
1765823584246 0.009171195328235626 80
1765823584356 0.009150934405624866 81
1765823584468 0.009130535647273064 82
1765823584593 0.009110012091696262 83
1765823584698 0.009089352563023567 84
1765823584819 0.009068570099771023 85
1765823584931 0.009047656320035458 86
1765823585040 0.009026617743074894 87
1765823585152 0.009005451574921608 88
1765823585264 0.0089948121458292 89
1765823585376 0.008984118700027466 90
1765823585478 0.008973372168838978 91
1765823585597 0.008962579071521759 92
1765823585710 0.00895173754543066 93
1765823585826 0.008940847590565681 94
1765823585935 0.008929908275604248 95
1765823586044 0.008918923325836658 96
1765823586161 0.008907894603908062 97
1765823586272 0.008896819315850735 98
1765823586381 0.008885701186954975 99
1765823586512 0.008880117908120155 100
1765823586626 0.008874519728124142 101
1765823586759 0.008868902921676636 102
1765823586896 0.008863264694809914 103
1765823587034 0.008857615292072296 104
1765823587167 0.008851942606270313 105
1765823587284 0.008846254087984562 106
1765823587402 0.00884055346250534 107
1765823587520 0.008834831416606903 108
1765823587643 0.008829093538224697 109
1765823587761 0.008823343552649021 110
1765823574685 0.33245909214019775 0
