1765823574705 0.5532881021499634 0
1765823574815 0.37243717908859253 1
1765823574938 0.563920795917511 2
1765823575052 0.26176902651786804 3
1765823575171 0.3545313775539398 4
1765823575281 0.36552777886390686 5
1765823575397 0.3433970510959625 6
1765823575510 0.29515331983566284 7
1765823575621 0.21035052835941315 8
1765823575747 0.09987086057662964 9
1765823575858 0.33020728826522827 10
1765823575979 0.1385716050863266 11
1765823576091 0.10484969615936279 12
1765823576204 0.1375523954629898 13
1765823576317 0.1578979641199112 14
1765823576444 0.15926603972911835 15
1765823576561 0.14882634580135345 16
1765823576688 0.13211651146411896 17
1765823576816 0.11559373885393143 18
1765823576948 0.10484064370393753 19
1765823577082 0.10199346393346786 20
1765823577216 0.10576361417770386 21
1765823577344 0.11439080536365509 22
1765823577472 0.11693542450666428 23
1765823577602 0.11620879173278809 24
1765823577697 0.11281955987215042 25
1765823577824 0.10808169096708298 26
1765823577936 0.10346939414739609 27
1765823578053 0.09999696165323257 28
1765823578165 0.09773574024438858 29
1765823578292 0.09637425094842911 30
1765823578419 0.0958336815237999 31
1765823578530 0.09582357108592987 32
1765823578641 0.09603173285722733 33
1765823578747 0.09606572985649109 34
1765823578862 0.09594251215457916 35
1765823578973 0.09564228355884552 36
1765823579081 0.0951634868979454 37
1765823579199 0.0945209264755249 38
1765823579320 0.09373928606510162 39
1765823579429 0.09286987036466599 40
1765823579548 0.09194905310869217 41
1765823579659 0.09098777920007706 42
1765823579775 0.09006963670253754 43
1765823579900 0.08924930542707443 44
1765823580015 0.08884533494710922 45
1765823580118 0.08845896273851395 46
1765823580244 0.08808846026659012 47
1765823580388 0.08773506432771683 48
1765823580531 0.08738147467374802 49
1765823580677 0.0870310440659523 50
1765823580825 0.08668741583824158 51
1765823580956 0.08633016794919968 52
1765823581068 0.08597463369369507 53
1765823581170 0.0856051817536354 54
1765823581273 0.08521503955125809 55
1765823581376 0.08500940352678299 56
1765823581496 0.08479204028844833 57
1765823581648 0.0845630019903183 58
1765823581815 0.0843227282166481 59
1765823581922 0.08407165110111237 60
1765823582046 0.08381135016679764 61
1765823582160 0.08354122191667557 62
1765823582272 0.08326154202222824 63
1765823582397 0.0829726979136467 64
1765823582517 0.08267506957054138 65
1765823582639 0.0823693573474884 66
1765823582755 0.08221284300088882 67
1765823582871 0.08205409348011017 68
1765823583004 0.08189240843057632 69
1765823583121 0.08172789961099625 70
1765823583243 0.08156067878007889 71
1765823583361 0.08139080554246902 72
1765823583476 0.08121875673532486 73
1765823583585 0.08104480057954788 74
1765823583691 0.08086837083101273 75
1765823583792 0.08068953454494476 76
1765823583904 0.08050830662250519 77
1765823584027 0.0804171934723854 78
1765823584152 0.08032520115375519 79
1765823584265 0.08023232966661453 80
1765823584374 0.08013860881328583 81
1765823584486 0.08004403859376907 82
1765823584613 0.07994867116212845 83
1765823584717 0.07985246926546097 84
1765823584837 0.0797559842467308 85
1765823584952 0.07965909689664841 86
1765823585061 0.07956156879663467 87
1765823585171 0.07946374267339706 88
1765823585286 0.07941456139087677 89
1765823585396 0.079365074634552 90
1765823585496 0.07931526750326157 91
1765823585617 0.07926518470048904 92
1765823585729 0.07921483367681503 93
1765823585844 0.07916418462991714 94
1765823585956 0.07911323755979538 95
1765823586066 0.07906202226877213 96
1765823586180 0.07901055365800858 97
1765823586291 0.07895879447460175 98
1765823586412 0.0789070874452591 99
1765823586530 0.07888112217187881 100
1765823586649 0.07885505259037018 101
1765823586784 0.07882890105247498 102
1765823586920 0.07880263775587082 103
1765823587058 0.0787762999534607 104
1765823587188 0.07874983549118042 105
1765823587303 0.07872328907251358 106
1765823587420 0.07869666814804077 107
1765823587538 0.07866993546485901 108
1765823587665 0.07864312082529068 109
1765823587779 0.07861622422933578 110
1765823574705 0.5532881021499634 0
