1765823574695 0.5765926837921143 0
1765823574805 0.39815106987953186 1
1765823574929 0.5717276334762573 2
1765823575041 0.2908365726470947 3
1765823575162 0.38276538252830505 4
1765823575273 0.3944591283798218 5
1765823575389 0.37372899055480957 6
1765823575501 0.32784169912338257 7
1765823575612 0.24632148444652557 8
1765823575739 0.12006324529647827 9
1765823575847 0.34961292147636414 10
1765823575969 0.16523344814777374 11
1765823576083 0.12783284485340118 12
1765823576195 0.17145438492298126 13
1765823576308 0.19365426898002625 14
1765823576433 0.1951466053724289 15
1765823576551 0.1840902715921402 16
1765823576678 0.16557040810585022 17
1765823576807 0.14458957314491272 18
1765823576937 0.12743957340717316 19
1765823577071 0.12137886881828308 20
1765823577206 0.1266728639602661 21
1765823577335 0.13736937940120697 22
1765823577461 0.1403605043888092 23
1765823577593 0.13949982821941376 24
1765823577688 0.13549762964248657 25
1765823577814 0.12982429563999176 26
1765823577925 0.12402915209531784 27
1765823578044 0.11928465217351913 28
1765823578156 0.11618120223283768 29
1765823578281 0.11474036425352097 30
1765823578408 0.11458304524421692 31
1765823578520 0.11515387892723083 32
1765823578632 0.11590580642223358 33
1765823578738 0.11612800508737564 34
1765823578854 0.11608364433050156 35
1765823578964 0.11574941128492355 36
1765823579070 0.11513002216815948 37
1765823579189 0.11425299942493439 38
1765823579311 0.11316342651844025 39
1765823579420 0.11191881448030472 40
1765823579539 0.11058371514081955 41
1765823579650 0.10922389477491379 42
1765823579767 0.10790056735277176 43
1765823579890 0.10666440427303314 44
1765823580003 0.10608869045972824 45
1765823580108 0.10554178804159164 46
1765823580233 0.10502494126558304 47
1765823580377 0.1045369878411293 48
1765823580518 0.10407447069883347 49
1765823580666 0.10363223403692245 50
1765823580812 0.10320361703634262 51
1765823580947 0.10278113186359406 52
1765823581060 0.1023569107055664 53
1765823581161 0.10192317515611649 54
1765823581264 0.10147274285554886 55
1765823581367 0.10123617947101593 56
1765823581487 0.10098717361688614 57
1765823581603 0.10072530806064606 58
1765823581803 0.10045048594474792 59
1765823581914 0.10016291588544846 60
1765823582037 0.09986300766468048 61
1765823582152 0.09955132752656937 62
1765823582262 0.0992286205291748 63
1765823582388 0.0988956168293953 64
1765823582509 0.09855308383703232 65
1765823582630 0.09820175915956497 66
1765823582747 0.09802228957414627 67
1765823582861 0.0978396013379097 68
1765823582995 0.09765388071537018 69
1765823583111 0.09746537357568741 70
1765823583235 0.09727424383163452 71
1765823583350 0.09708064794540405 72
1765823583466 0.09688470512628555 73
1765823583576 0.09668650478124619 74
1765823583681 0.09648610651493073 75
1765823583783 0.09628356993198395 76
1765823583895 0.09607885777950287 77
1765823584018 0.09597554802894592 78
1765823584142 0.09587136656045914 79
1765823584257 0.09576635807752609 80
1765823584366 0.09566051512956619 81
1765823584478 0.09555383771657944 82
1765823584603 0.0954463854432106 83
1765823584707 0.09533809870481491 84
1765823584829 0.09522903710603714 85
1765823584942 0.0951191708445549 86
1765823585050 0.09500851482152939 87
1765823585162 0.09489705413579941 88
1765823585275 0.09484098106622696 89
1765823585385 0.09478458762168884 90
1765823585487 0.09472788125276566 91
1765823585607 0.09467089921236038 92
1765823585720 0.09461361914873123 93
1765823585835 0.0945560559630394 94
1765823585946 0.09449819475412369 95
1765823586055 0.0944400504231453 96
1765823586170 0.09438164532184601 97
1765823586282 0.09432294964790344 98
1765823586401 0.09426400065422058 99
1765823586522 0.09423437714576721 100
1765823586637 0.09420467168092728 101
1765823586772 0.09417485445737839 102
1765823586908 0.09414491057395935 103
1765823587046 0.09411490708589554 104
1765823587177 0.09408476203680038 105
1765823587294 0.09405452758073807 106
1765823587411 0.09402421861886978 107
1765823587529 0.09399378299713135 108
1765823587654 0.09396325796842575 109
1765823587771 0.09393265098333359 110
1765823574695 0.5765926837921143 0
