1765823356575 0.36408138275146484 0
1765823356732 0.3299086391925812 1
1765823356872 0.29695358872413635 2
1765823357013 0.2636971175670624 3
1765823357138 0.23032034933567047 4
1765823357279 0.1935657560825348 5
1765823357414 0.145843967795372 6
1765823357561 0.09086158126592636 7
1765823357693 0.05235838145017624 8
1765823357825 0.08732523024082184 9
1765823357955 0.10273941606283188 10
1765823358076 0.07916636765003204 11
1765823358208 0.05693276226520538 12
1765823358342 0.050357166677713394 13
1765823358467 0.054064296185970306 14
1765823358595 0.05993233993649483 15
1765823358723 0.06350589543581009 16
1765823358848 0.06338547170162201 17
1765823358982 0.059731002897024155 18
1765823359120 0.05349642410874367 19
1765823359257 0.04618768393993378 20
1765823359395 0.039711859077215195 21
1765823359518 0.03589923679828644 22
1765823359662 0.03545695170760155 23
1765823359803 0.036880310624837875 24
1765823359940 0.036912187933921814 25
1765823360079 0.0333007350564003 26
1765823360277 0.027017753571271896 27
1765823360420 0.02114860899746418 28
1765823360546 0.018168943002820015 29
1765823360660 0.01801437884569168 30
1765823360818 0.018185293301939964 31
1765823360942 0.016011761501431465 32
1765823361069 0.011584406718611717 33
1765823361200 0.00845392420887947 34
1765823361328 0.009251941926777363 35
1765823361469 0.010830288752913475 36
1765823361627 0.009489456191658974 37
1765823361781 0.006635398603975773 38
1765823361934 0.006434083450585604 39
1765823362071 0.008806954137980938 40
1765823362237 0.008228816092014313 41
1765823362391 0.00631911912932992 42
1765823362510 0.006522108800709248 43
1765823362648 0.00748658599331975 44
1765823362786 0.007431996054947376 45
1765823362905 0.006533584091812372 46
1765823363033 0.006100526545196772 47
1765823363144 0.005855515133589506 48
1765823363289 0.005862217862159014 49
1765823363430 0.006016660947352648 50
1765823363558 0.006141730584204197 51
1765823363681 0.006116476841270924 52
1765823363808 0.0059406873770058155 53
1765823363944 0.0057077486999332905 54
1765823364076 0.0055261882953345776 55
1765823364208 0.0054535092785954475 56
1765823364349 0.005474193021655083 57
1765823364477 0.005494439508765936 58
1765823364607 0.005499589256942272 59
1765823364738 0.005482310429215431 60
1765823364861 0.005443095229566097 61
1765823365003 0.005389370955526829 62
1765823365127 0.005331728141754866 63
1765823365253 0.005280524026602507 64
1765823365394 0.005242341198027134 65
1765823365517 0.005218876991420984 66
1765823365647 0.005206901580095291 67
1765823365782 0.005200101528316736 68
1765823365911 0.005195227917283773 69
1765823366051 0.00518687441945076 70
1765823366181 0.005174671299755573 71
1765823366295 0.005159012973308563 72
1765823366417 0.0051407888531684875 73
1765823366551 0.005121330730617046 74
1765823366684 0.005101898685097694 75
1765823366812 0.005083584692329168 76
1765823366923 0.005067112855613232 77
1765823367065 0.0050527616403996944 78
1765823367197 0.005040396470576525 79
1765823367323 0.005034783389419317 80
1765823367449 0.005029359366744757 81
1765823367585 0.0050239888951182365 82
1765823367715 0.005018556024879217 83
1765823367846 0.005012975540012121 84
1765823367965 0.0050071789883077145 85
1765823368098 0.005001152865588665 86
1765823368236 0.00499490462243557 87
1765823368362 0.004988481290638447 88
1765823368486 0.004981926642358303 89
1765823368626 0.004975291900336742 90
1765823368757 0.004971953108906746 91
1765823368886 0.004968601278960705 92
1765823369106 0.0049652522429823875 93
1765823369232 0.004961916245520115 94
1765823369355 0.0049586049281060696 95
1765823369486 0.004955329466611147 96
1765823369614 0.004952095448970795 97
1765823369729 0.004948898684233427 98
1765823369855 0.004945744294673204 99
1765823369996 0.00494262995198369 100
1765823370124 0.004939550533890724 101
1765823370248 0.004938024096190929 102
1765823370379 0.004936504177749157 103
1765823370496 0.004934986587613821 104
1765823370639 0.004933464806526899 105
1765823370770 0.00493194442242384 106
1765823370922 0.004930424969643354 107
1765823371060 0.004928906913846731 108
1765823371192 0.004927388858050108 109
1765823371331 0.004925868008285761 110
1765823371471 0.004924348089843988 111
1765823371598 0.004922828171402216 112
1765823371729 0.004922064952552319 113
1765823371862 0.004921300336718559 114
1765823372014 0.004920532926917076 115
1765823372167 0.004919764120131731 116
1765823372321 0.004918992519378662 117
1765823372474 0.004918219987303019 118
1765823372623 0.004917444661259651 119
1765823372758 0.004916667938232422 120
1765823372877 0.004915889352560043 121
1765823373023 0.004915108438581228 122
1765823373145 0.004914324730634689 123
1765823373268 0.004913932643830776 124
1765823373407 0.004913539160043001 125
1765823373539 0.0049131447449326515 126
1765823373668 0.004912747070193291 127
1765823373806 0.004912349861115217 128
1765823373937 0.004911951720714569 129
1765823374076 0.004911551717668772 130
1765823374219 0.0049111507833004 131
1765823374354 0.004910747986286879 132
1765823374493 0.004910345654934645 133
1765823374635 0.004909940995275974 134
1765823356575 0.36408138275146484 0
