1765823356600 0.5458313822746277 0
1765823356752 0.5194703936576843 1
1765823356892 0.4930795133113861 2
1765823357032 0.4653265178203583 3
1765823357159 0.43577373027801514 4
1765823357298 0.40142711997032166 5
1765823357436 0.3510754108428955 6
1765823357581 0.2789480984210968 7
1765823357713 0.19460061192512512 8
1765823357843 0.2117634266614914 9
1765823357978 0.24249723553657532 10
1765823358093 0.19520196318626404 11
1765823358230 0.16334620118141174 12
1765823358361 0.1806248426437378 13
1765823358485 0.20670782029628754 14
1765823358614 0.22386948764324188 15
1765823358742 0.23173585534095764 16
1765823358870 0.23158542811870575 17
1765823359004 0.22443297505378723 18
1765823359139 0.21092398464679718 19
1765823359274 0.19167101383209229 20
1765823359413 0.16825135052204132 21
1765823359537 0.14548322558403015 22
1765823359682 0.13331741094589233 23
1765823359823 0.1340854912996292 24
1765823359957 0.13770657777786255 25
1765823360097 0.13206760585308075 26
1765823360295 0.11727790534496307 27
1765823360439 0.10478243231773376 28
1765823360564 0.10235428065061569 29
1765823360680 0.10854744911193848 30
1765823360838 0.11313267052173615 31
1765823360960 0.10555599629878998 32
1765823361086 0.08449529111385345 33
1765823361221 0.06887724995613098 34
1765823361349 0.07545126974582672 35
1765823361491 0.0864325687289238 36
1765823361650 0.0812925323843956 37
1765823361803 0.06609267741441727 38
1765823361957 0.06339988857507706 39
1765823362095 0.0765761211514473 40
1765823362260 0.0728922188282013 41
1765823362411 0.0627310648560524 42
1765823362528 0.06550084799528122 43
1765823362666 0.07197345048189163 44
1765823362804 0.07129696756601334 45
1765823362923 0.06527002155780792 46
1765823363051 0.06258387118577957 47
1765823363166 0.06147371605038643 48
1765823363308 0.06171530857682228 49
1765823363448 0.06253713369369507 50
1765823363578 0.06329108029603958 51
1765823363699 0.06327380239963531 52
1765823363826 0.062446996569633484 53
1765823363963 0.06119444966316223 54
1765823364094 0.06024104356765747 55
1765823364228 0.059729237109422684 56
1765823364371 0.0594431571662426 57
1765823364496 0.05939183011651039 58
1765823364625 0.05934083089232445 59
1765823364756 0.05923198163509369 60
1765823364879 0.05906892567873001 61
1765823365025 0.05888785794377327 62
1765823365145 0.0587330088019371 63
1765823365271 0.05864301323890686 64
1765823365416 0.05859256908297539 65
1765823365539 0.05857384204864502 66
1765823365667 0.058556266129016876 67
1765823365800 0.05853945389389992 68
1765823365929 0.058518633246421814 69
1765823366071 0.05847092717885971 70
1765823366202 0.058397326618433 71
1765823366313 0.05830012634396553 72
1765823366435 0.05818228796124458 73
1765823366570 0.05805233493447304 74
1765823366703 0.05791282653808594 75
1765823366831 0.05777774006128311 76
1765823366943 0.05764339864253998 77
1765823367085 0.057512782514095306 78
1765823367216 0.057387545704841614 79
1765823367340 0.05732911080121994 80
1765823367467 0.05727272480726242 81
1765823367606 0.05721859261393547 82
1765823367734 0.057166822254657745 83
1765823367864 0.05711743235588074 84
1765823367985 0.05707034468650818 85
1765823368117 0.057025473564863205 86
1765823368254 0.05698280781507492 87
1765823368380 0.0569421723484993 88
1765823368504 0.05690304562449455 89
1765823368648 0.056865427643060684 90
1765823368777 0.05684703588485718 91
1765823368908 0.05682924762368202 92
1765823369125 0.05681230127811432 93
1765823369252 0.056795716285705566 94
1765823369374 0.05677933618426323 95
1765823369503 0.056763019412755966 96
1765823369635 0.056746695190668106 97
1765823369749 0.05673026666045189 98
1765823369873 0.056713663041591644 99
1765823370015 0.056696828454732895 100
1765823370147 0.05667968839406967 101
1765823370266 0.05667095258831978 102
1765823370398 0.056662045419216156 103
1765823370517 0.05665295198559761 104
1765823370657 0.05664365366101265 105
1765823370792 0.05663417652249336 106
1765823370942 0.05662453547120094 107
1765823371080 0.05661473050713539 108
1765823371213 0.05660479515790939 109
1765823371352 0.05659474804997444 110
1765823371490 0.05658453330397606 111
1765823371616 0.05657414719462395 112
1765823371750 0.05656885728240013 113
1765823371885 0.05656350404024124 114
1765823372040 0.056558068841695786 115
1765823372189 0.05655255913734436 116
1765823372342 0.05654699355363846 117
1765823372494 0.05654136836528778 118
1765823372641 0.05653567984700203 119
1765823372776 0.0565299466252327 120
1765823372897 0.056524183601140976 121
1765823373044 0.056518472731113434 122
1765823373162 0.05651271343231201 123
1765823373286 0.056509826332330704 124
1765823373427 0.056506913155317307 125
1765823373561 0.05650398135185242 126
1765823373686 0.056501030921936035 127
1765823373826 0.05649806559085846 128
1765823373955 0.05649508535861969 129
1765823374095 0.056492093950510025 130
1765823374241 0.056489087641239166 131
1765823374376 0.056486066430807114 132
1765823374513 0.05648304149508476 133
1765823374654 0.05647999793291092 134
1765823356600 0.5458313822746277 0
