1765823356587 0.6033915877342224 0
1765823356742 0.5743767619132996 1
1765823356882 0.5449344515800476 2
1765823357023 0.5135144591331482 3
1765823357149 0.4799170196056366 4
1765823357288 0.4399610757827759 5
1765823357426 0.3818952441215515 6
1765823357571 0.3014325499534607 7
1765823357703 0.22881953418254852 8
1765823357834 0.29550841450691223 9
1765823357968 0.32052990794181824 10
1765823358085 0.28136518597602844 11
1765823358220 0.23860587179660797 12
1765823358353 0.22440402209758759 13
1765823358476 0.2325173020362854 14
1765823358606 0.2448108196258545 15
1765823358733 0.2520037591457367 16
1765823358860 0.251764714717865 17
1765823358993 0.2443992644548416 18
1765823359130 0.2312929332256317 19
1765823359266 0.21491320431232452 20
1765823359404 0.1992783397436142 21
1765823359527 0.18947093188762665 22
1765823359672 0.18830016255378723 23
1765823359814 0.19204246997833252 24
1765823359949 0.19212545454502106 25
1765823360088 0.18248489499092102 26
1765823360286 0.16437077522277832 27
1765823360430 0.14542561769485474 28
1765823360555 0.13479222357273102 29
1765823360670 0.13421764969825745 30
1765823360828 0.13485285639762878 31
1765823360951 0.12653759121894836 32
1765823361078 0.10763087868690491 33
1765823361211 0.09194522351026535 34
1765823361339 0.09618701785802841 35
1765823361479 0.10406867414712906 36
1765823361639 0.09741383790969849 37
1765823361793 0.0814579576253891 38
1765823361946 0.08021274209022522 39
1765823362083 0.09384537488222122 40
1765823362248 0.09071282297372818 41
1765823362401 0.07949288934469223 42
1765823362519 0.08075957745313644 43
1765823362657 0.08652506023645401 44
1765823362795 0.08620902895927429 45
1765823362914 0.08083058893680573 46
1765823363042 0.0781058669090271 47
1765823363155 0.07652133703231812 48
1765823363299 0.07656512409448624 49
1765823363439 0.07756713777780533 50
1765823363569 0.07836919277906418 51
1765823363691 0.07820791006088257 52
1765823363817 0.07707585394382477 53
1765823363955 0.0755496472120285 54
1765823364086 0.07433833926916122 55
1765823364218 0.07384788244962692 56
1765823364360 0.07398778945207596 57
1765823364486 0.07412448525428772 58
1765823364616 0.07415921241044998 59
1765823364747 0.07404262572526932 60
1765823364870 0.07377733290195465 61
1765823365014 0.07341233640909195 62
1765823365136 0.07301868498325348 63
1765823365263 0.0726672112941742 64
1765823365405 0.07240401208400726 65
1765823365529 0.07224179804325104 66
1765823365657 0.07215886563062668 67
1765823365791 0.07211172580718994 68
1765823365920 0.0720779299736023 69
1765823366062 0.07201995700597763 70
1765823366192 0.07193519175052643 71
1765823366304 0.07182627171278 72
1765823366426 0.07169929146766663 73
1765823366560 0.0715634748339653 74
1765823366694 0.07142757624387741 75
1765823366822 0.07129926234483719 76
1765823366933 0.07118365913629532 77
1765823367075 0.07108277827501297 78
1765823367207 0.0709957480430603 79
1765823367332 0.07095620781183243 80
1765823367459 0.07091797888278961 81
1765823367597 0.07088010013103485 82
1765823367724 0.07084176689386368 83
1765823367856 0.07080236822366714 84
1765823367976 0.07076141983270645 85
1765823368108 0.07071883231401443 86
1765823368246 0.07067463546991348 87
1765823368371 0.07062917947769165 88
1765823368495 0.07058276236057281 89
1765823368637 0.07053574919700623 90
1765823368768 0.0705120787024498 91
1765823368897 0.07048830389976501 92
1765823369116 0.07046454399824142 93
1765823369242 0.070440873503685 94
1765823369366 0.0704173594713211 95
1765823369495 0.07039409875869751 96
1765823369624 0.0703711286187172 97
1765823369740 0.07034841179847717 98
1765823369864 0.07032598555088043 99
1765823370006 0.07030384242534637 100
1765823370136 0.07028193771839142 101
1765823370257 0.0702710747718811 102
1765823370389 0.07026026397943497 103
1765823370507 0.07024946063756943 104
1765823370649 0.0702386274933815 105
1765823370782 0.07022780179977417 106
1765823370932 0.07021698355674744 107
1765823371070 0.0702061727643013 108
1765823371203 0.07019536197185516 109
1765823371342 0.07018452882766724 110
1765823371481 0.0701737031340599 111
1765823371608 0.07016286998987198 112
1765823371740 0.07015743106603622 113
1765823371873 0.07015197724103928 114
1765823372028 0.07014650851488113 115
1765823372179 0.0701410323381424 116
1765823372331 0.07013552635908127 117
1765823372484 0.07013002038002014 118
1765823372631 0.07012449204921722 119
1765823372767 0.07011895626783371 120
1765823372888 0.070113405585289 121
1765823373035 0.0701078325510025 122
1765823373154 0.07010224461555481 123
1765823373278 0.07009945064783096 124
1765823373418 0.07009664177894592 125
1765823373550 0.07009382545948029 126
1765823373677 0.07009099423885345 127
1765823373817 0.07008815556764603 128
1765823373946 0.0700853168964386 129
1765823374085 0.07008246332406998 130
1765823374230 0.07007960230112076 131
1765823374365 0.07007672637701035 132
1765823374503 0.07007385790348053 133
1765823374644 0.07007097452878952 134
1765823356587 0.6033915877342224 0
