1764858582492 0.24307316541671753 0
1764858582552 0.2292833775281906 1
1764858582614 0.21599525213241577 2
1764858582671 0.2031899392604828 3
1764858582727 0.19085216522216797 4
1764858582780 0.17896176874637604 5
1764858582830 0.1674966812133789 6
1764858582884 0.15643851459026337 7
1764858582937 0.14577646553516388 8
1764858582993 0.13550934195518494 9
1764858583051 0.12564638257026672 10
1764858583106 0.11620807647705078 11
1764858583160 0.10722679644823074 12
1764858583212 0.09874789416790009 13
1764858583262 0.09083031862974167 14
1764858583314 0.08354734629392624 15
1764858583363 0.07698608189821243 16
1764858583416 0.07124590128660202 17
1764858583470 0.06643417477607727 18
1764858583522 0.06265797466039658 19
1764858583576 0.06000962108373642 20
1764858583627 0.05854306370019913 21
1764858583679 0.05823991447687149 22
1764858583730 0.05896750092506409 23
1764858583782 0.06044572964310646 24
1764858583836 0.06226039677858353 25
1764858583887 0.06395383924245834 26
1764858583940 0.065155528485775 27
1764858583992 0.06567084789276123 28
1764858584045 0.06549035757780075 29
1764858584106 0.0647415965795517 30
1764858584161 0.06362219899892807 31
1764858584214 0.06234097108244896 32
1764858584284 0.06107788160443306 33
1764858584356 0.05996375530958176 34
1764858584412 0.05907543748617172 35
1764858584467 0.05844150111079216 36
1764858584520 0.058053210377693176 37
1764858584573 0.05787700042128563 38
1764858584629 0.05786604434251785 39
1764858584682 0.05796940252184868 40
1764858584734 0.058138564229011536 41
1764858584784 0.058331526815891266 42
1764858584835 0.05851484835147858 43
1764858584888 0.05866428092122078 44
1764858584943 0.05876448377966881 45
1764858584993 0.058808084577322006 46
1764858585044 0.05879451707005501 47
1764858585094 0.05872860550880432 48
1764858585143 0.05861923471093178 49
1764858585199 0.05847795680165291 50
1764858585252 0.058317676186561584 51
1764858585303 0.05815146118402481 52
1764858585355 0.057991448789834976 53
1764858585407 0.05784788727760315 54
1764858585458 0.057728417217731476 55
1764858585510 0.057637590914964676 56
1764858585563 0.05757670849561691 57
1764858585615 0.05754392594099045 58
1764858585666 0.05753476545214653 59
1764858585722 0.057542845606803894 60
1764858585772 0.057560794055461884 61
1764858585825 0.05758126080036163 62
1764858585875 0.05759783461689949 63
1764858585925 0.05760572850704193 64
1764858585986 0.0576021745800972 65
1764858586038 0.05758651718497276 66
1764858586088 0.05755992978811264 67
1764858586139 0.05752497911453247 68
1764858586191 0.057484984397888184 69
1764858586248 0.05744345486164093 70
1764858586298 0.05740351602435112 71
1764858586349 0.05736762285232544 72
1764858586399 0.05733722820878029 73
1764858586452 0.057312916964292526 74
1764858586509 0.057294368743896484 75
1764858586565 0.05728061869740486 76
1764858586621 0.05727032944560051 77
1764858586676 0.05726196616888046 78
1764858586732 0.05725410580635071 79
1764858586787 0.057245511561632156 80
1764858586840 0.05723533779382706 81
1764858586895 0.05722310021519661 82
1764858586950 0.05720871314406395 83
1764858587004 0.057192396372556686 84
1764858587057 0.05717463046312332 85
1764858587112 0.05715601518750191 86
1764858587163 0.05713719129562378 87
1764858587214 0.05711875855922699 88
1764858587265 0.057101137936115265 89
1764858587317 0.05708463862538338 90
1764858587370 0.057069331407547 91
1764858587422 0.05705514922738075 92
1764858587471 0.05704191327095032 93
1764858587522 0.05702929198741913 94
1764858587573 0.05701697990298271 95
1764858587622 0.057004671543836594 96
1764858587675 0.05699213966727257 97
1764858587727 0.0569792240858078 98
1764858587778 0.05696588382124901 99
1764858582492 0.24307316541671753 0
