1765823740921 0.5590548515319824 0
1765823740990 0.5244584083557129 1
1765823741057 0.49193450808525085 2
1765823741136 0.4656107723712921 3
1765823741201 0.43779221177101135 4
1765823741270 0.4096473753452301 5
1765823741341 0.37710416316986084 6
1765823741418 0.34068962931632996 7
1765823741491 0.2980663776397705 8
1765823741568 0.24085083603858948 9
1765823741647 0.17273269593715668 10
1765823741726 0.13020095229148865 11
1765823741801 0.15738822519779205 12
1765823741869 0.18515722453594208 13
1765823741943 0.1854533851146698 14
1765823742012 0.16869628429412842 15
1765823742082 0.14853326976299286 16
1765823742142 0.13562214374542236 17
1765823742199 0.13323192298412323 18
1765823742264 0.13954909145832062 19
1765823742330 0.14898057281970978 20
1765823742392 0.1582392156124115 21
1765823742456 0.1644122451543808 22
1765823742510 0.16681671142578125 23
1765823742580 0.1658058911561966 24
1765823742638 0.1638883352279663 25
1765823742712 0.1608232855796814 26
1765823742784 0.1569426953792572 27
1765823742847 0.15255942940711975 28
1765823742918 0.1480821818113327 29
1765823742984 0.14386458694934845 30
1765823743051 0.14027336239814758 31
1765823743115 0.13725395500659943 32
1765823743181 0.13490597903728485 33
1765823743250 0.13309882581233978 34
1765823743318 0.13171114027500153 35
1765823743386 0.13125401735305786 36
1765823743447 0.13088741898536682 37
1765823743511 0.13064441084861755 38
1765823743580 0.1304628700017929 39
1765823743647 0.1302800327539444 40
1765823743710 0.13007822632789612 41
1765823743772 0.12985025346279144 42
1765823743839 0.1295972317457199 43
1765823743901 0.12932763993740082 44
1765823743963 0.12905825674533844 45
1765823744023 0.12881049513816833 46
1765823744085 0.12871862947940826 47
1765823744143 0.12862922251224518 48
1765823744201 0.12853574752807617 49
1765823744266 0.12844401597976685 50
1765823744331 0.12836652994155884 51
1765823744392 0.12829764187335968 52
1765823744458 0.12823133170604706 53
1765823744527 0.1281527578830719 54
1765823744603 0.128062441945076 55
1765823744672 0.12796761095523834 56
1765823744737 0.12785619497299194 57
1765823744804 0.12779109179973602 58
1765823744868 0.12771359086036682 59
1765823744925 0.12762436270713806 60
1765823744991 0.12752558290958405 61
1765823745048 0.1274152398109436 62
1765823745122 0.12729205191135406 63
1765823745188 0.12715555727481842 64
1765823745252 0.12700650095939636 65
1765823745304 0.1268438845872879 66
1765823745371 0.12666767835617065 67
1765823745432 0.1264778971672058 68
1765823745494 0.126376673579216 69
1765823745556 0.12626977264881134 70
1765823745621 0.1261574774980545 71
1765823745679 0.12603995203971863 72
1765823745746 0.1259174346923828 73
1765823745810 0.1257900446653366 74
1765823745875 0.12565800547599792 75
1765823745940 0.1255214363336563 76
1765823746009 0.1253804862499237 77
1765823746064 0.12523537874221802 78
1765823746127 0.12508662045001984 79
1765823746186 0.1250104308128357 80
1765823746251 0.12493272125720978 81
1765823746320 0.12485381960868835 82
1765823746383 0.12477359175682068 83
1765823746449 0.12469229847192764 84
1765823746514 0.12460985779762268 85
1765823746585 0.12452636659145355 86
1765823746646 0.1244417130947113 87
1765823746708 0.12435592710971832 88
1765823746780 0.12426906824111938 89
1765823746853 0.12418119609355927 90
1765823746925 0.1241367906332016 91
1765823746997 0.12409200519323349 92
1765823747071 0.12404686957597733 93
1765823747146 0.12400136142969131 94
1765823747228 0.12395554780960083 95
1765823747295 0.12390940636396408 96
1765823747360 0.12386295944452286 97
1765823747423 0.12381622195243835 98
1765823747490 0.12376919388771057 99
1765823747556 0.12372191250324249 100
1765823747616 0.12367434799671173 101
1765823747683 0.1236504539847374 102
1765823747749 0.1236264631152153 103
1765823747815 0.12360235303640366 104
1765823747883 0.12357819080352783 105
1765823747940 0.12355393171310425 106
1765823748005 0.1235295757651329 107
1765823748072 0.12350515276193619 108
1765823748140 0.12348064035177231 109
1765823748210 0.12345605343580246 110
1765823748268 0.12343139946460724 111
1765823748340 0.12340666353702545 112
1765823740921 0.5590548515319824 0
