1765823740911 0.5915831923484802 0
1765823740981 0.5588338375091553 1
1765823741047 0.5282925963401794 2
1765823741126 0.5038827657699585 3
1765823741193 0.4781104326248169 4
1765823741260 0.4490097761154175 5
1765823741328 0.4144646227359772 6
1765823741405 0.37438708543777466 7
1765823741479 0.32691970467567444 8
1765823741555 0.26734450459480286 9
1765823741634 0.20671896636486053 10
1765823741715 0.18407508730888367 11
1765823741791 0.2182282954454422 12
1765823741859 0.24392707645893097 13
1765823741931 0.24454349279403687 14
1765823742001 0.2297641932964325 15
1765823742072 0.2105248123407364 16
1765823742133 0.19521000981330872 17
1765823742190 0.18798020482063293 18
1765823742256 0.1883435994386673 19
1765823742319 0.192990243434906 20
1765823742384 0.1984226107597351 21
1765823742446 0.20239216089248657 22
1765823742501 0.2039957344532013 23
1765823742570 0.20323000848293304 24
1765823742629 0.20188331604003906 25
1765823742700 0.19981274008750916 26
1765823742775 0.1972847282886505 27
1765823742837 0.1945701688528061 28
1765823742906 0.191924586892128 29
1765823742975 0.18956811726093292 30
1765823743042 0.1876659095287323 31
1765823743106 0.18631130456924438 32
1765823743170 0.18551599979400635 33
1765823743240 0.18521134555339813 34
1765823743308 0.1852623075246811 35
1765823743377 0.1853453814983368 36
1765823743438 0.18539871275424957 37
1765823743502 0.18538857996463776 38
1765823743569 0.1852901726961136 39
1765823743638 0.18508818745613098 40
1765823743700 0.1847764402627945 41
1765823743763 0.18435688316822052 42
1765823743831 0.18383796513080597 43
1765823743893 0.18323272466659546 44
1765823743955 0.18255682289600372 45
1765823744014 0.18182644248008728 46
1765823744076 0.18144063651561737 47
1765823744135 0.18103808164596558 48
1765823744192 0.18062226474285126 49
1765823744257 0.18019607663154602 50
1765823744323 0.17976154386997223 51
1765823744382 0.17931993305683136 52
1765823744449 0.17887169122695923 53
1765823744517 0.17841659486293793 54
1765823744592 0.1779535710811615 55
1765823744663 0.1774810254573822 56
1765823744726 0.17699673771858215 57
1765823744795 0.17674800753593445 58
1765823744859 0.17649255692958832 59
1765823744914 0.17622992396354675 60
1765823744982 0.17595964670181274 61
1765823745038 0.1756812334060669 62
1765823745112 0.1753942221403122 63
1765823745178 0.17509809136390686 64
1765823745242 0.17479240894317627 65
1765823745295 0.17447668313980103 66
1765823745362 0.1741504967212677 67
1765823745424 0.1738133579492569 68
1765823745486 0.17363986372947693 69
1765823745548 0.1734621673822403 70
1765823745612 0.17328032851219177 71
1765823745669 0.17309437692165375 72
1765823745737 0.172904372215271 73
1765823745800 0.17271029949188232 74
1765823745865 0.17251218855381012 75
1765823745931 0.17231005430221558 76
1765823745998 0.1721038967370987 77
1765823746056 0.17189371585845947 78
1765823746118 0.1716795265674591 79
1765823746177 0.17157065868377686 80
1765823746241 0.1714603453874588 81
1765823746310 0.1713486611843109 82
1765823746374 0.1712356060743332 83
1765823746440 0.1711212545633316 84
1765823746506 0.17100560665130615 85
1765823746577 0.17088866233825684 86
1765823746637 0.17077051103115082 87
1765823746699 0.1706511229276657 88
1765823746769 0.1705305129289627 89
1765823746841 0.1704087257385254 90
1765823746914 0.17034730315208435 91
1765823746986 0.17028547823429108 92
1765823747059 0.17022325098514557 93
1765823747133 0.17016060650348663 94
1765823747216 0.17009763419628143 95
1765823747287 0.1700342744588852 96
1765823747352 0.1699705570936203 97
1765823747414 0.16990648210048676 98
1765823747480 0.16984209418296814 99
1765823747546 0.16977736353874207 100
1765823747607 0.16971229016780853 101
1765823747674 0.16967961192131042 102
1765823747739 0.16964682936668396 103
1765823747805 0.16961394250392914 104
1765823747874 0.16958095133304596 105
1765823747931 0.16954784095287323 106
1765823747995 0.16951464116573334 107
1765823748061 0.16948135197162628 108
1765823748130 0.16944795846939087 109
1765823748199 0.1694144755601883 110
1765823748260 0.16938091814517975 111
1765823748329 0.16934728622436523 112
1765823740911 0.5915831923484802 0
