1765823740899 0.3499706983566284 0
1765823740970 0.31229525804519653 1
1765823741037 0.27909308671951294 2
1765823741116 0.25389784574508667 3
1765823741184 0.22858957946300507 4
1765823741249 0.2016097903251648 5
1765823741315 0.17178092896938324 6
1765823741394 0.14016568660736084 7
1765823741468 0.10687648504972458 8
1765823741544 0.07147307693958282 9
1765823741623 0.04273273050785065 10
1765823741702 0.03388363867998123 11
1765823741780 0.047623589634895325 12
1765823741849 0.05950041860342026 13
1765823741920 0.05980152264237404 14
1765823741990 0.05279158428311348 15
1765823742062 0.04432069882750511 16
1765823742123 0.038106948137283325 17
1765823742181 0.035336557775735855 18
1765823742246 0.035473309457302094 19
1765823742309 0.037245236337184906 20
1765823742375 0.03937153145670891 21
1765823742434 0.0409625843167305 22
1765823742493 0.04161426052451134 23
1765823742559 0.04130243882536888 24
1765823742620 0.04075687378644943 25
1765823742689 0.03992512822151184 26
1765823742763 0.03892126679420471 27
1765823742826 0.037857551127672195 28
1765823742894 0.03683504834771156 29
1765823742965 0.03593606874346733 30
1765823743034 0.0352184921503067 31
1765823743095 0.03471190482378006 32
1765823743158 0.034416183829307556 33
1765823743230 0.034303244203329086 34
1765823743298 0.03432212397456169 35
1765823743366 0.03435290977358818 36
1765823743428 0.034372683614492416 37
1765823743493 0.03436892479658127 38
1765823743557 0.03433244675397873 39
1765823743628 0.034257639199495316 40
1765823743691 0.03414233401417732 41
1765823743752 0.033987462520599365 42
1765823743820 0.03379639610648155 43
1765823743884 0.03357423096895218 44
1765823743946 0.03332699462771416 45
1765823744005 0.03306085616350174 46
1765823744067 0.032920707017183304 47
1765823744126 0.03277478739619255 48
1765823744183 0.03262440487742424 49
1765823744247 0.03247062489390373 50
1765823744313 0.03231421485543251 51
1765823744371 0.032155636698007584 52
1765823744438 0.03199508413672447 53
1765823744506 0.031832482665777206 54
1765823744581 0.031667474657297134 55
1765823744651 0.03149951621890068 56
1765823744716 0.03132784739136696 57
1765823744784 0.031239856034517288 58
1765823744849 0.031149623915553093 59
1765823744905 0.03105698712170124 60
1765823744973 0.030961796641349792 61
1765823745029 0.030863894149661064 62
1765823745100 0.030763130635023117 63
1765823745169 0.03065934032201767 64
1765823745233 0.03055238537490368 65
1765823745286 0.030442114919424057 66
1765823745351 0.03032839484512806 67
1765823745414 0.030211085453629494 68
1765823745477 0.030150800943374634 69
1765823745539 0.03008912317454815 70
1765823745601 0.03002607263624668 71
1765823745660 0.029961664229631424 72
1765823745726 0.029895922169089317 73
1765823745792 0.02982884831726551 74
1765823745857 0.02976045571267605 75
1765823745922 0.029690755531191826 76
1765823745987 0.02961975336074829 77
1765823746047 0.029547451063990593 78
1765823746109 0.029473857954144478 79
1765823746167 0.029436491429805756 80
1765823746231 0.02939864993095398 81
1765823746300 0.029360363259911537 82
1765823746363 0.029321633279323578 83
1765823746431 0.029282482340931892 84
1765823746496 0.02924291603267193 85
1765823746567 0.029202936217188835 86
1765823746627 0.029162567108869553 87
1765823746689 0.02912180684506893 88
1765823746759 0.029080655425786972 89
1765823746829 0.029039135202765465 90
1765823746904 0.029018204659223557 91
1765823746975 0.028997143730521202 92
1765823747050 0.02897595427930355 93
1765823747123 0.028954634442925453 94
1765823747204 0.028933202847838402 95
1765823747278 0.0289116520434618 96
1765823747341 0.028889991343021393 97
1765823747405 0.028868213295936584 98
1765823747471 0.028846336528658867 99
1765823747537 0.028824351727962494 100
1765823747598 0.028802260756492615 101
1765823747664 0.028791172429919243 102
1765823747727 0.028780048713088036 103
1765823747796 0.028768891468644142 104
1765823747864 0.028757696971297264 105
1765823747921 0.028746472671628 106
1765823747986 0.028735211119055748 107
1765823748051 0.028723930940032005 108
1765823748120 0.02871261164546013 109
1765823748187 0.028701266273856163 110
1765823748250 0.02868989296257496 111
1765823748318 0.028678501024842262 112
1765823740899 0.3499706983566284 0
