1764858895377 0.33334577083587646 0
1764858895456 0.30658605694770813 1
1764858895534 0.28120535612106323 2
1764858895605 0.25693297386169434 3
1764858895669 0.23355057835578918 4
1764858895726 0.21086378395557404 5
1764858895784 0.1887398362159729 6
1764858895841 0.16713477671146393 7
1764858895894 0.14611601829528809 8
1764858895945 0.12589193880558014 9
1764858896001 0.10685329884290695 10
1764858896059 0.08962571620941162 11
1764858896119 0.07512740790843964 12
1764858896175 0.06459928303956985 13
1764858896233 0.05949752777814865 14
1764858896294 0.060923971235752106 15
1764858896345 0.06799774616956711 16
1764858896399 0.07637783139944077 17
1764858896456 0.08128530532121658 18
1764858896509 0.08117257058620453 19
1764858896568 0.07724962383508682 20
1764858896624 0.07164608687162399 21
1764858896677 0.0662078708410263 22
1764858896733 0.06204477325081825 23
1764858896787 0.059539321810007095 24
1764858896842 0.05856269598007202 25
1764858896898 0.05872549116611481 26
1764858896953 0.059572476893663406 27
1764858897007 0.06069696694612503 28
1764858897061 0.06178935989737511 29
1764858897118 0.06264472752809525 30
1764858897170 0.06315095722675323 31
1764858897223 0.06327077001333237 32
1764858897275 0.0630236566066742 33
1764858897337 0.06247015297412872 34
1764858897415 0.06169840320944786 35
1764858897489 0.060812145471572876 36
1764858897543 0.0599193312227726 37
1764858897595 0.05912050977349281 38
1764858897647 0.05849726125597954 39
1764858897706 0.05810127034783363 40
1764858897767 0.057946156710386276 41
1764858897831 0.058004654943943024 42
1764858897894 0.05821345001459122 43
1764858897955 0.05848659947514534 44
1764858898015 0.05873522534966469 45
1764858898082 0.05888828635215759 46
1764858898137 0.05890785902738571 47
1764858898190 0.05879418924450874 48
1764858898243 0.05857952684164047 49
1764858898301 0.058314431458711624 50
1764858898356 0.05805174633860588 51
1764858898409 0.057833727449178696 52
1764858898462 0.05768466368317604 53
1764858898516 0.05760977417230606 54
1764858898569 0.05759851634502411 55
1764858898620 0.05763043463230133 56
1764858898673 0.05768148601055145 57
1764858898728 0.0577293261885643 58
1764858898781 0.05775708332657814 59
1764858898836 0.05775528401136398 60
1764858898893 0.05772208794951439 61
1764858898946 0.0576622374355793 62
1764858898997 0.05758509784936905 63
1764858899047 0.05750221014022827 64
1764858899100 0.05742475017905235 65
1764858899157 0.057361435145139694 66
1764858899208 0.05731700360774994 67
1764858899262 0.057291723787784576 68
1764858899310 0.05728181451559067 69
1764858899367 0.05728081613779068 70
1764858899424 0.05728133022785187 71
1764858899475 0.0572768971323967 72
1764858899527 0.05726340413093567 73
1764858899580 0.05723974108695984 74
1764858899633 0.05720754340291023 75
1764858899683 0.05717037245631218 76
1764858899735 0.05713248997926712 77
1764858899787 0.057097651064395905 78
1764858899840 0.057068273425102234 79
1764858899896 0.057045113295316696 80
1764858899950 0.057027339935302734 81
1764858900004 0.05701307952404022 82
1764858900064 0.057000018656253815 83
1764858900119 0.056986045092344284 84
1764858900175 0.056969694793224335 85
1764858900229 0.056950412690639496 86
1764858900283 0.05692850798368454 87
1764858900340 0.05690494552254677 88
1764858900393 0.056880977004766464 89
1764858900449 0.05685783177614212 90
1764858900502 0.056836362928152084 91
1764858900550 0.056816913187503815 92
1764858900603 0.05679930001497269 93
1764858900655 0.05678291618824005 94
1764858900708 0.05676697939634323 95
1764858900760 0.05675075575709343 96
1764858900813 0.05673374980688095 97
1764858900867 0.05671580135822296 98
1764858900921 0.05669708177447319 99
1764858900982 0.05667797848582268 100
1764858901034 0.056658945977687836 101
1764858901085 0.056640397757291794 102
1764858901135 0.05662256106734276 103
1764858901190 0.05660542473196983 104
1764858901242 0.05658886954188347 105
1764858901296 0.056572604924440384 106
1764858901351 0.05655636265873909 107
1764858901403 0.05653994530439377 108
1764858901456 0.056523267179727554 109
1764858901513 0.056506358087062836 110
1764858901565 0.056489333510398865 111
1764858901618 0.05647239089012146 112
1764858901675 0.05645565316081047 113
1764858901727 0.05643920972943306 114
1764858901780 0.056423068046569824 115
1764858901832 0.056407153606414795 116
1764858901887 0.05639138072729111 117
1764858901941 0.05637561157345772 118
1764858901993 0.05635978281497955 119
1764858902050 0.056343868374824524 120
1764858902104 0.056327883154153824 121
1764858902160 0.05631188303232193 122
1764858902212 0.05629593878984451 123
1764858902259 0.056280095130205154 124
1764858902313 0.05626437067985535 125
1764858902369 0.0562487430870533 126
1764858902426 0.05623317509889603 127
1764858902481 0.05621761083602905 128
1764858902537 0.05620202422142029 129
1764858902663 0.056186385452747345 130
1764858902719 0.056170716881752014 131
1764858902774 0.05615502595901489 132
1764858902831 0.05613934248685837 133
1764858902889 0.05612367391586304 134
1764858902944 0.0561080276966095 135
1764858902998 0.056092385202646255 136
1764858903050 0.056076716631650925 137
1764858903103 0.056060973554849625 138
1764858903158 0.05604516342282295 139
1764858903214 0.05602925643324852 140
1764858903266 0.05601327121257782 141
1764858903317 0.05599721148610115 142
1764858903370 0.05598108842968941 143
1764858903427 0.055964916944503784 144
1764858903479 0.05594867095351219 145
1764858903532 0.055932335555553436 146
1764858903584 0.05591590702533722 147
1764858903636 0.05589938163757324 148
1764858903686 0.055882759392261505 149
1764858903741 0.055866044014692307 150
1764858903794 0.055849261581897736 151
1764858903846 0.0558324009180069 152
1764858903898 0.055815476924180984 153
1764858903953 0.055798497051000595 154
1764858904005 0.055781442672014236 155
1764858904057 0.05576435104012489 156
1764858904109 0.05574725568294525 157
1764858904162 0.055730190128088 158
1764858904214 0.05571317672729492 159
1764858904270 0.055696263909339905 160
1764858904324 0.055679477751255035 161
1764858904377 0.05566288158297539 162
1764858904428 0.055646512657403946 163
1764858904482 0.055630434304475784 164
1764858904533 0.05561473220586777 165
1764858904587 0.055599454790353775 166
1764858904638 0.05558466538786888 167
1764858904689 0.05557042732834816 168
1764858904741 0.05555681884288788 169
1764858904795 0.05554389953613281 170
1764858904848 0.055531732738018036 171
1764858904900 0.05552033707499504 172
1764858904952 0.05550975725054741 173
1764858905006 0.05549999326467514 174
1764858905062 0.05549105256795883 175
1764858905115 0.0554828979074955 176
1764858905165 0.055475473403930664 177
1764858905217 0.05546870455145836 178
1764858905270 0.05546250566840172 179
1764858905324 0.05545678734779358 180
1764858905380 0.05545143410563469 181
1764858905431 0.05544634535908699 182
1764858905484 0.05544141307473183 183
1764858905534 0.055436573922634125 184
1764858905589 0.055431731045246124 185
1764858905642 0.05542686581611633 186
1764858905696 0.055421944707632065 187
1764858905749 0.05541697517037392 188
1764858905803 0.05541195347905159 189
1764858905858 0.05540691316127777 190
1764858905911 0.055401891469955444 191
1764858905965 0.055396921932697296 192
1764858906016 0.055392030626535416 193
1764858906068 0.05538724735379219 194
1764858906122 0.05538259819149971 195
1764858906172 0.05537809059023857 196
1764858906227 0.055373746901750565 197
1764858906279 0.055369555950164795 198
1764858906333 0.055365510284900665 199
1764858895377 0.33334577083587646 0
