1765823929607 0.6639317274093628 0
1765823929809 0.6134149432182312 1
1765823929996 0.5727575421333313 2
1765823930194 0.532650887966156 3
1765823930383 0.4790462553501129 4
1765823930567 0.3964273929595947 5
1765823930752 0.24614644050598145 6
1765823930946 0.1766263097524643 7
1765823931144 0.30766820907592773 8
1765823931350 0.25146085023880005 9
1765823931543 0.17043538391590118 10
1765823931753 0.15433698892593384 11
1765823931949 0.18231920897960663 12
1765823932132 0.20590390264987946 13
1765823932333 0.21449756622314453 14
1765823932530 0.21217910945415497 15
1765823932710 0.20473580062389374 16
1765823932913 0.1937093883752823 17
1765823933090 0.18089278042316437 18
1765823933266 0.16841831803321838 19
1765823933441 0.15862680971622467 20
1765823933610 0.15347708761692047 21
1765823933807 0.15358304977416992 22
1765823934023 0.15766623616218567 23
1765823934221 0.1631324738264084 24
1765823934418 0.16730625927448273 25
1765823934621 0.1678427755832672 26
1765823934808 0.16667874157428741 27
1765823934998 0.16404671967029572 28
1765823935206 0.16037315130233765 29
1765823935409 0.1561872661113739 30
1765823935614 0.15202754735946655 31
1765823935802 0.1483544558286667 32
1765823935966 0.14548040926456451 33
1765823936159 0.14353156089782715 34
1765823936365 0.1424504518508911 35
1765823936565 0.14203684031963348 36
1765823936776 0.14196349680423737 37
1765823936988 0.14187443256378174 38
1765823937197 0.14171548187732697 39
1765823937395 0.14144618809223175 40
1765823937581 0.1410401165485382 41
1765823937766 0.14048440754413605 42
1765823937950 0.13977859914302826 43
1765823938130 0.13893283903598785 44
1765823938334 0.1379658579826355 45
1765823938511 0.13690266013145447 46
1765823938742 0.13577213883399963 47
1765823938970 0.13518433272838593 48
1765823939163 0.13457980751991272 49
1765823939396 0.13396625220775604 50
1765823939628 0.13335047662258148 51
1765823939845 0.13273830711841583 52
1765823940022 0.13213443756103516 53
1765823940255 0.13154225051403046 54
1765823940464 0.13096381723880768 55
1765823940646 0.13039997220039368 56
1765823940838 0.129850372672081 57
1765823941033 0.12931354343891144 58
1765823941201 0.129048690199852 59
1765823941405 0.1287846714258194 60
1765823941588 0.12852084636688232 61
1765823941772 0.12825645506381989 62
1765823941987 0.12799091637134552 63
1765823942184 0.1277235895395279 64
1765823942459 0.1274539828300476 65
1765823942655 0.12718158960342407 66
1765823942878 0.12690605223178864 67
1765823943103 0.12662701308727264 68
1765823943278 0.126344233751297 69
1765823943477 0.12620095908641815 70
1765823943666 0.12605591118335724 71
1765823943882 0.12590909004211426 72
1765823944071 0.12576055526733398 73
1765823944250 0.1256103217601776 74
1765823944450 0.1254584640264511 75
1765823944639 0.12530499696731567 76
1765823944843 0.12514999508857727 77
1765823945037 0.12499350309371948 78
1765823945239 0.12483556568622589 79
1765823945434 0.12467622756958008 80
1765823945624 0.12459594011306763 81
1765823945807 0.12451507151126862 82
1765823946003 0.12443364411592484 83
1765823946180 0.12435166537761688 84
1765823946355 0.12426919490098953 85
1765823946527 0.124186210334301 86
1765823946738 0.12410275638103485 87
1765823946940 0.12401881814002991 88
1765823947129 0.12393442541360855 89
1765823947339 0.12384957075119019 90
1765823947536 0.1237642914056778 91
1765823947740 0.12372143566608429 92
1765823947948 0.12367840111255646 93
1765823948126 0.12363516539335251 94
1765823948300 0.12359173595905304 95
1765823948492 0.12354814261198044 96
1765823948666 0.12350435554981232 97
1765823948864 0.12346039712429047 98
1765823949045 0.12341625988483429 99
1765823949249 0.12337195128202438 100
1765823949454 0.12332746386528015 101
1765823949618 0.12328280508518219 102
1765823929607 0.6639317274093628 0
