1765823929591 0.4408053457736969 0
1765823929799 0.3762779235839844 1
1765823929985 0.32805120944976807 2
1765823930184 0.28371697664260864 3
1765823930373 0.22948530316352844 4
1765823930557 0.15715467929840088 5
1765823930743 0.06058807298541069 6
1765823930937 0.031196851283311844 7
1765823931132 0.0946597307920456 8
1765823931340 0.06323256343603134 9
1765823931534 0.029048219323158264 10
1765823931742 0.023819904774427414 11
1765823931939 0.033240292221307755 12
1765823932120 0.042396415024995804 13
1765823932324 0.04600920528173447 14
1765823932519 0.045019976794719696 15
1765823932700 0.04191674664616585 16
1765823932903 0.03752332553267479 17
1765823933079 0.032722197473049164 18
1765823933256 0.02836472913622856 19
1765823933431 0.025162464007735252 20
1765823933599 0.023555215448141098 21
1765823933797 0.023587753996253014 22
1765823934013 0.024858644232153893 23
1765823934210 0.02661220356822014 24
1765823934407 0.027991382405161858 25
1765823934610 0.028171196579933167 26
1765823934799 0.027781803160905838 27
1765823934986 0.026911325752735138 28
1765823935195 0.025719545781612396 29
1765823935400 0.024394460022449493 30
1765823935606 0.023112373426556587 31
1765823935791 0.022009043022990227 32
1765823935957 0.021164551377296448 33
1765823936148 0.020601309835910797 34
1765823936356 0.02029212936758995 35
1765823936554 0.02017446607351303 36
1765823936764 0.02015363611280918 37
1765823936977 0.02012835256755352 38
1765823937186 0.02008327841758728 39
1765823937387 0.020007025450468063 40
1765823937572 0.019892314448952675 41
1765823937755 0.019735869020223618 42
1765823937938 0.01953805610537529 43
1765823938121 0.019302332773804665 44
1765823938323 0.019034579396247864 45
1765823938501 0.018742339685559273 46
1765823938730 0.018434075638651848 47
1765823938960 0.018274804577231407 48
1765823939150 0.01811172626912594 49
1765823939382 0.01794695481657982 50
1765823939617 0.01778234913945198 51
1765823939834 0.017619458958506584 52
1765823940006 0.017459508031606674 53
1765823940243 0.017303364351391792 54
1765823940454 0.017151519656181335 55
1765823940635 0.01700415462255478 56
1765823940828 0.016861120238900185 57
1765823941021 0.016721993684768677 58
1765823941190 0.01665356382727623 59
1765823941394 0.016585493460297585 60
1765823941576 0.016517607495188713 61
1765823941762 0.016449717804789543 62
1765823941978 0.016381673514842987 63
1765823942173 0.01631331443786621 64
1765823942449 0.016244517639279366 65
1765823942645 0.016175158321857452 66
1765823942866 0.01610514521598816 67
1765823943091 0.016034400090575218 68
1765823943267 0.015962865203619003 69
1765823943467 0.015926683321595192 70
1765823943655 0.0158900935202837 71
1765823943873 0.015853097662329674 72
1765823944062 0.015815716236829758 73
1765823944240 0.0157779511064291 74
1765823944440 0.01573982462286949 75
1765823944629 0.01570134237408638 76
1765823944834 0.01566252112388611 77
1765823945027 0.015623376704752445 78
1765823945228 0.015583919361233711 79
1765823945422 0.015544161200523376 80
1765823945613 0.015524148009717464 81
1765823945798 0.015504002571105957 82
1765823945993 0.015483731403946877 83
1765823946170 0.015463336370885372 84
1765823946343 0.015442832373082638 85
1765823946515 0.015422215685248375 86
1765823946729 0.01540149375796318 87
1765823946928 0.015380666591227055 88
1765823947119 0.015359741635620594 89
1765823947330 0.015338716097176075 90
1765823947526 0.015317599289119244 91
1765823947729 0.015306993387639523 92
1765823947936 0.015296346507966518 93
1765823948116 0.015285654924809933 94
1765823948289 0.015274916775524616 95
1765823948482 0.015264143235981464 96
1765823948656 0.015253324992954731 97
1765823948855 0.015242469497025013 98
1765823949035 0.015231573022902012 99
1765823949238 0.015220638364553452 100
1765823949445 0.015209662728011608 101
1765823949607 0.015198650769889355 102
1765823929591 0.4408053457736969 0
