1765823929619 0.633560299873352 0
1765823929817 0.5814433097839355 1
1765823930004 0.5389786958694458 2
1765823930202 0.49709948897361755 3
1765823930392 0.441122442483902 4
1765823930578 0.3546302020549774 5
1765823930761 0.2148280143737793 6
1765823930956 0.1396871954202652 7
1765823931154 0.2756160795688629 8
1765823931359 0.21216872334480286 9
1765823931552 0.13264653086662292 10
1765823931764 0.12805671989917755 11
1765823931958 0.1601201295852661 12
1765823932143 0.18197377026081085 13
1765823932342 0.1894763559103012 14
1765823932540 0.18745291233062744 15
1765823932719 0.18094706535339355 16
1765823932921 0.17097467184066772 17
1765823933099 0.15858404338359833 18
1765823933275 0.1454070806503296 19
1765823933451 0.13339895009994507 20
1765823933621 0.12501180171966553 21
1765823933815 0.12273383140563965 22
1765823934033 0.1242121160030365 23
1765823934230 0.12724433839321136 24
1765823934428 0.13020619750022888 25
1765823934631 0.13064953684806824 26
1765823934816 0.12978032231330872 27
1765823935007 0.12778183817863464 28
1765823935215 0.1250934898853302 29
1765823935418 0.12222687900066376 30
1765823935623 0.11965792626142502 31
1765823935813 0.11756554245948792 32
1765823935976 0.11606836318969727 33
1765823936170 0.11531825363636017 34
1765823936373 0.11532282084226608 35
1765823936575 0.1160363033413887 36
1765823936787 0.1164998859167099 37
1765823936999 0.11688005179166794 38
1765823937207 0.11709816753864288 39
1765823937404 0.11710851639509201 40
1765823937590 0.11691083014011383 41
1765823937777 0.11650075763463974 42
1765823937961 0.11588392406702042 43
1765823938139 0.11507592350244522 44
1765823938343 0.114094577729702 45
1765823938521 0.11296235024929047 46
1765823938753 0.11172743886709213 47
1765823938980 0.11107112467288971 48
1765823939176 0.11038585752248764 49
1765823939409 0.10969565063714981 50
1765823939639 0.10900110751390457 51
1765823939856 0.10830183327198029 52
1765823940036 0.107618547976017 53
1765823940264 0.10693918168544769 54
1765823940473 0.10627002269029617 55
1765823940655 0.1056145653128624 56
1765823940849 0.10498427599668503 57
1765823941043 0.10436823219060898 58
1765823941212 0.1040729507803917 59
1765823941414 0.10378746688365936 60
1765823941599 0.1035095751285553 61
1765823941781 0.10323954373598099 62
1765823941997 0.10298088937997818 63
1765823942195 0.10272383689880371 64
1765823942468 0.10246694087982178 65
1765823942665 0.10221152752637863 66
1765823942888 0.10196095705032349 67
1765823943112 0.10171309113502502 68
1765823943288 0.10146543383598328 69
1765823943486 0.10134139657020569 70
1765823943677 0.10121721029281616 71
1765823943891 0.10109282284975052 72
1765823944080 0.10096818953752518 73
1765823944259 0.10084327310323715 74
1765823944458 0.10071802884340286 75
1765823944648 0.10059241950511932 76
1765823944851 0.10046639293432236 77
1765823945047 0.10033993422985077 78
1765823945248 0.1002129539847374 79
1765823945445 0.10008545219898224 80
1765823945632 0.10002146661281586 81
1765823945815 0.09995725750923157 82
1765823946012 0.09989280253648758 83
1765823946190 0.0998280867934227 84
1765823946366 0.09976314753293991 85
1765823946538 0.09969791769981384 86
1765823946746 0.09963241964578629 87
1765823946950 0.09956662356853485 88
1765823947138 0.09950054436922073 89
1765823947349 0.09943439811468124 90
1765823947547 0.09936796128749847 91
1765823947751 0.09933467954397202 92
1765823947958 0.0993013009428978 93
1765823948135 0.09926776587963104 94
1765823948311 0.09923408925533295 95
1765823948500 0.09920027107000351 96
1765823948675 0.09916631877422333 97
1765823948873 0.09913221746683121 98
1765823949054 0.09909796714782715 99
1765823949260 0.09906358271837234 100
1765823949462 0.09902901947498322 101
1765823949629 0.09899433702230453 102
1765823929619 0.633560299873352 0
