1764859496795 0.29245030879974365 0
1764859496868 0.26060163974761963 1
1764859496936 0.23104165494441986 2
1764859497003 0.20353077352046967 3
1764859497066 0.17793145775794983 4
1764859497123 0.15419237315654755 5
1764859497171 0.13234558701515198 6
1764859497223 0.11252269893884659 7
1764859497275 0.0949757993221283 8
1764859497329 0.08010070025920868 9
1764859497383 0.06845124065876007 10
1764859497435 0.06071266531944275 11
1764859497482 0.0575568787753582 12
1764859497520 0.05920948088169098 13
1764859497570 0.06456136703491211 14
1764859497621 0.07069852948188782 15
1764859497669 0.07463273406028748 16
1764859497715 0.07520536333322525 17
1764859497766 0.07296334952116013 18
1764859497814 0.06917867064476013 19
1764859497865 0.06509660929441452 20
1764859497915 0.061587776988744736 21
1764859497967 0.05908361077308655 22
1764859498015 0.057659223675727844 23
1764859498064 0.057164859026670456 24
1764859498126 0.05734714865684509 25
1764859498176 0.05793542414903641 26
1764859498232 0.058691300451755524 27
1764859498282 0.059430282562971115 28
1764859498328 0.06002596393227577 29
1764859498382 0.06040513142943382 30
1764859498434 0.06053922325372696 31
1764859498484 0.06043482571840286 32
1764859498532 0.06012473255395889 33
1764859498583 0.05965960770845413 34
1764859498633 0.059100598096847534 35
1764859498691 0.058512333780527115 36
1764859498748 0.057956401258707047 37
1764859498802 0.057485148310661316 38
1764859498855 0.057136278599500656 39
1764859498914 0.056928642094135284 40
1764859498968 0.05686020478606224 41
1764859499016 0.0569089874625206 42
1764859499063 0.05703716725111008 43
1764859499117 0.05719846487045288 44
1764859499167 0.05734710767865181 45
1764859499215 0.057446517050266266 46
1764859499268 0.057475604116916656 47
1764859499317 0.05743095278739929 48
1764859499366 0.0573248565196991 49
1764859499417 0.05718003958463669 50
1764859499471 0.05702309310436249 51
1764859499524 0.05687825381755829 52
1764859499577 0.05676307529211044 53
1764859499630 0.056686412543058395 54
1764859499675 0.05664859339594841 55
1764859499724 0.05664322152733803 56
1764859499778 0.05665971338748932 57
1764859499825 0.05668603256344795 58
1764859499865 0.05671102553606033 59
1764859499912 0.05672607943415642 60
1764859499961 0.05672609806060791 61
1764859500006 0.05670959874987602 62
1764859500053 0.0566784031689167 63
1764859500102 0.056636709719896317 64
1764859500148 0.056590043008327484 65
1764859500189 0.05654408037662506 66
1764859500236 0.05650361254811287 67
1764859500285 0.056471824645996094 68
1764859500335 0.056449856609106064 69
1764859500388 0.05643690377473831 70
1764859500441 0.05643059313297272 71
1764859500491 0.05642762780189514 72
1764859500542 0.05642465129494667 73
1764859500577 0.05641889199614525 74
1764859500616 0.05640868470072746 75
1764859500659 0.05639365315437317 76
1764859500700 0.05637457221746445 77
1764859500746 0.05635302886366844 78
1764859500783 0.05633090063929558 79
1764859500831 0.056309930980205536 80
1764859500874 0.05629131570458412 81
1764859500914 0.05627560615539551 82
1764859500954 0.056262627243995667 83
1764859500996 0.05625169724225998 84
1764859501041 0.05624184012413025 85
1764859501079 0.056232064962387085 86
1764859501120 0.05622154101729393 87
1764859501167 0.05620981752872467 88
1764859501211 0.05619679391384125 89
1764859501254 0.056182704865932465 90
1764859501296 0.05616801604628563 91
1764859501345 0.05615328624844551 92
1764859501394 0.056139007210731506 93
1764859501442 0.056125521659851074 94
1764859501488 0.05611294507980347 95
1764859501538 0.05610118806362152 96
1764859501586 0.056090015918016434 97
1764859501637 0.056079111993312836 98
1764859501687 0.05606815591454506 99
1764859501739 0.056056950241327286 100
1764859501791 0.05604537948966026 101
1764859501846 0.05603349953889847 102
1764859501911 0.05602142959833145 103
1764859501973 0.056009355932474136 104
1764859502074 0.055997442454099655 105
1764859502142 0.05598583072423935 106
1764859502214 0.055974557995796204 107
1764859502277 0.05596362054347992 108
1764859502334 0.05595292150974274 109
1764859502405 0.055942352861166 110
1764859502454 0.055931832641363144 111
1764859502503 0.0559212751686573 112
1764859502554 0.05591066926717758 113
1764859502608 0.05590001866221428 114
1764859502661 0.05588939040899277 115
1764859502710 0.05587881803512573 116
1764859502753 0.05586837977170944 117
1764859502801 0.055858101695775986 118
1764859502841 0.05584799125790596 119
1764859502889 0.055838048458099365 120
1764859502943 0.05582822114229202 121
1764859502993 0.05581848695874214 122
1764859503052 0.05580880492925644 123
1764859503115 0.05579916015267372 124
1764859503174 0.05578957125544548 125
1764859503222 0.05578003451228142 126
1764859503271 0.05577057600021362 127
1764859503316 0.055761221796274185 128
1764859503359 0.055751971900463104 129
1764859503409 0.05574285238981247 130
1764859503447 0.05573384463787079 131
1764859503491 0.05572493374347687 132
1764859503541 0.0557161308825016 133
1764859503592 0.055707402527332306 134
1764859503640 0.05569874867796898 135
1764859503687 0.05569017305970192 136
1764859503739 0.05568167194724083 137
1764859503788 0.0556732714176178 138
1764859503838 0.05566496402025223 139
1764859503891 0.055656760931015015 140
1764859503942 0.05564866214990616 141
1764859503984 0.055640678852796555 142
1764859504029 0.05563277751207352 143
1764859504075 0.055624980479478836 144
1764859504118 0.05561727657914162 145
1764859504162 0.05560966208577156 146
1764859504204 0.05560213699936867 147
1764859504247 0.05559471994638443 148
1764859504281 0.05558739975094795 149
1764859504332 0.05558018013834953 150
1764859504377 0.05557307228446007 151
1764859504419 0.05556606873869896 152
1764859504461 0.05555916950106621 153
1764859504501 0.05555236339569092 154
1764859504542 0.05554566904902458 155
1764859504585 0.05553906783461571 156
1764859504631 0.05553257837891579 157
1764859504675 0.055526189506053925 158
1764859504721 0.05551990494132042 159
1764859504770 0.05551373213529587 160
1764859504817 0.05550766736268997 161
1764859504859 0.05550170689821243 162
1764859504907 0.055495865643024445 163
1764859504948 0.055490124970674515 164
1764859504988 0.05548448860645294 165
1764859505034 0.05547896772623062 166
1764859505077 0.05547355115413666 167
1764859505123 0.05546824261546135 168
1764859505168 0.05546305701136589 169
1764859505210 0.05545796453952789 170
1764859505259 0.055452995002269745 171
1764859505296 0.055448129773139954 172
1764859505343 0.055443376302719116 173
1764859505384 0.055438730865716934 174
1764859505419 0.05543419346213341 175
1764859505458 0.05542976036667824 176
1764859505498 0.055425435304641724 177
1764859505534 0.05542122572660446 178
1764859505577 0.05541711673140526 179
1764859505615 0.05541311576962471 180
1764859505663 0.05540921166539192 181
1764859505706 0.05540541186928749 182
1764859505745 0.05540172755718231 183
1764859505784 0.0553981252014637 184
1764859505819 0.05539463087916374 185
1764859505862 0.055391229689121246 186
1764859505907 0.055387917906045914 187
1764859505950 0.055384714156389236 188
1764859505986 0.055381592363119125 189
1764859506027 0.055378563702106476 190
1764859506077 0.05537561699748039 191
1764859506120 0.05537275969982147 192
1764859506165 0.05536998435854912 193
1764859506208 0.05536728352308273 194
1764859506251 0.055364664644002914 195
1764859506293 0.055362120270729065 196
1764859506336 0.055359646677970886 197
1764859506382 0.05535723641514778 198
1764859506427 0.055354904383420944 199
1764859506473 0.05535263195633888 200
1764859506517 0.055350422859191895 201
1764859506555 0.055348269641399384 202
1764859506597 0.05534617230296135 203
1764859506630 0.05534413084387779 204
1764859506666 0.055342141538858414 205
1764859506715 0.05534019693732262 206
1764859506772 0.0553382970392704 207
1764859506853 0.05533644184470177 208
1764859506898 0.055334631353616714 209
1764859506943 0.05533285439014435 210
1764859506987 0.055331118404865265 211
1764859507028 0.055329419672489166 212
1764859507067 0.055327750742435455 213
1764859507102 0.055326107889413834 214
1764859507139 0.0553244985640049 215
1764859507189 0.055322907865047455 216
1764859507229 0.055321354418992996 217
1764859507267 0.05531982332468033 218
1764859507307 0.055318307131528854 219
1764859507346 0.05531681701540947 220
1764859507396 0.05531534180045128 221
1764859507435 0.05531389266252518 222
1764859507476 0.055312465876340866 223
1764859507515 0.055311039090156555 224
1764859507555 0.05530964955687523 225
1764859507595 0.055308256298303604 226
1764859507637 0.05530688911676407 227
1764859507677 0.05530553311109543 228
1764859507722 0.055304188281297684 229
1764859507764 0.05530286952853203 230
1764859507803 0.055301547050476074 231
1764859507843 0.055300235748291016 232
1764859507888 0.055298950523138046 233
1764859507933 0.05529766529798508 234
1764859507975 0.055296391248703 235
1764859508021 0.055295128375291824 236
1764859508058 0.05529388040304184 237
1764859508101 0.05529263615608215 238
1764859508138 0.05529140308499336 239
1764859508185 0.05529018118977547 240
1764859508226 0.055288977921009064 241
1764859508261 0.05528777092695236 242
1764859508300 0.055286578834056854 243
1764859508337 0.05528539791703224 244
1764859508376 0.055284224450588226 245
1764859508417 0.055283062160015106 246
1764859508457 0.05528190732002258 247
1764859508501 0.05528075620532036 248
1764859508542 0.055279623717069626 249
1764859508586 0.05527849495410919 250
1764859508631 0.055277373641729355 251
1764859508672 0.055276256054639816 252
1764859508719 0.05527515709400177 253
1764859508762 0.05527406185865402 254
1764859508804 0.05527297034859657 255
1764859508842 0.05527189373970032 256
1764859508890 0.05527081713080406 257
1764859508929 0.0552697591483593 258
1764859508977 0.055268701165914536 259
1764859509023 0.05526765063405037 260
1764859509064 0.0552666150033474 261
1764859509108 0.055265579372644424 262
1764859509146 0.05526455119252205 263
1764859509186 0.05526353418827057 264
1764859509227 0.05526252090930939 265
1764859509267 0.0552615150809288 266
1764859509305 0.05526052415370941 267
1764859509341 0.05525953322649002 268
1764859509377 0.05525854229927063 269
1764859509420 0.05525756999850273 270
1764859509460 0.05525660142302513 271
1764859509503 0.05525563657283783 272
1764859509549 0.055254675447940826 273
1764859509591 0.05525372549891472 274
1764859509635 0.05525277554988861 275
1764859509678 0.0552518405020237 276
1764859509714 0.05525090545415878 277
1764859509760 0.055249981582164764 278
1764859509802 0.05524906516075134 279
1764859509843 0.05524814501404762 280
1764859509887 0.055247239768505096 281
1764859509926 0.05524633452296257 282
1764859509965 0.05524543300271034 283
1764859510011 0.05524454638361931 284
1764859510050 0.055243656039237976 285
1764859510088 0.05524277314543724 286
1764859510125 0.0552418977022171 287
1764859510160 0.05524102598428726 288
1764859510197 0.05524015426635742 289
1764859510240 0.05523929372429848 290
1764859510286 0.05523844063282013 291
1764859510329 0.05523758754134178 292
1764859510371 0.055236734449863434 293
1764859510420 0.05523589253425598 294
1764859510469 0.055235058069229126 295
1764859510517 0.05523422732949257 296
1764859510576 0.05523340404033661 297
1764859510635 0.05523257330060005 298
1764859510684 0.05523175373673439 299
1764859510745 0.055230941623449326 300
1764859510796 0.05523012951016426 301
1764859510850 0.055229321122169495 302
1764859510900 0.05522851645946503 303
1764859510950 0.055227719247341156 304
1764859510998 0.05522692948579788 305
1764859511046 0.05522613599896431 306
1764859511093 0.05522535368800163 307
1764859511142 0.05522456392645836 308
1764859511187 0.05522378906607628 309
1764859511235 0.0552230142056942 310
1764859511283 0.055222246795892715 311
1764859511326 0.055221475660800934 312
1764859511365 0.05522071570158005 313
1764859511405 0.055219948291778564 314
1764859511444 0.055219195783138275 315
1764859511489 0.055218443274497986 316
1764859511535 0.05521769821643829 317
1764859511576 0.0552169568836689 318
1764859511617 0.05521620810031891 319
1764859511663 0.05521547049283981 320
1764859511703 0.055214736610651016 321
1764859511741 0.055214010179042816 322
1764859511778 0.05521327257156372 323
1764859511816 0.05521254986524582 324
1764859511854 0.055211830884218216 325
1764859511895 0.05521111190319061 326
1764859511934 0.05521039292216301 327
1764859511975 0.0552096851170063 328
1764859512014 0.055208977311849594 329
1764859512064 0.055208269506692886 330
1764859512112 0.05520756170153618 331
1764859512162 0.055206865072250366 332
1764859512209 0.055206168442964554 333
1764859512255 0.05520547553896904 334
1764859512302 0.05520477890968323 335
1764859512348 0.05520409345626831 336
1764859512390 0.055203404277563095 337
1764859512432 0.055202726274728775 338
1764859512481 0.055202048271894455 339
1764859512544 0.05520136281847954 340
1764859512592 0.05520069971680641 341
1764859512652 0.05520002171397209 342
1764859512696 0.05519935488700867 343
1764859512738 0.05519868806004524 344
1764859512782 0.05519802123308182 345
1764859512817 0.05519736558198929 346
1764859512858 0.05519670620560646 347
1764859512903 0.05519605055451393 348
1764859512943 0.0551953949034214 349
1764859512986 0.05519474670290947 350
1764859513028 0.05519409105181694 351
1764859513074 0.055193450301885605 352
1764859513115 0.05519280582666397 353
1764859513151 0.05519216135144234 354
1764859513191 0.0551915317773819 355
1764859513230 0.05519089475274086 356
1764859513267 0.05519025772809982 357
1764859513305 0.05518963187932968 358
1764859513346 0.05518899857997894 359
1764859513387 0.0551883727312088 360
1764859513430 0.05518774688243866 361
1764859513472 0.055187128484249115 362
1764859513515 0.05518651381134987 363
1764859513560 0.05518588796257973 364
1764859513606 0.05518527701497078 365
1764859513650 0.05518466606736183 366
1764859513690 0.05518405884504318 367
1764859513733 0.055183444172143936 368
1764859513778 0.055182844400405884 369
1764859513821 0.055182237178087234 370
1764859513869 0.05518163740634918 371
1764859513911 0.05518104135990143 372
1764859513955 0.055180441588163376 373
1764859513989 0.05517984554171562 374
1764859514026 0.055179253220558167 375
1764859514063 0.05517866462469101 376
1764859514098 0.05517807975411415 377
1764859514138 0.055177487432956696 378
1764859514184 0.05517689883708954 379
1764859514232 0.05517631769180298 380
1764859514282 0.05517574027180672 381
1764859514330 0.055175162851810455 382
1764859514380 0.05517458915710449 383
1764859514437 0.05517400801181793 384
1764859514494 0.055173441767692566 385
1764859514553 0.0551728680729866 386
1764859514610 0.05517230182886124 387
1764859514678 0.05517173558473587 388
1764859514747 0.0551711730659008 389
1764859514827 0.055170606821775436 390
1764859514892 0.055170051753520966 391
1764859514949 0.055169496685266495 392
1764859514997 0.055168941617012024 393
1764859515044 0.055168379098176956 394
1764859515094 0.055167824029922485 395
1764859515145 0.05516727641224861 396
1764859515185 0.05516672506928444 397
1764859515227 0.055166177451610565 398
1764859515273 0.05516563355922699 399
1764859515317 0.055165089666843414 400
1764859515366 0.05516454949975014 401
1764859515419 0.05516400560736656 402
1764859515467 0.05516346916556358 403
1764859515512 0.0551629364490509 404
1764859515551 0.055162400007247925 405
1764859515594 0.055161867290735245 406
1764859515639 0.055161334574222565 407
1764859515687 0.05516080930829048 408
1764859515726 0.0551602840423584 409
1764859515775 0.05515975132584572 410
1764859515818 0.055159229785203934 411
1764859515860 0.05515871196985245 412
1764859515899 0.05515819042921066 413
1764859515945 0.05515766888856888 414
1764859515984 0.05515715479850769 415
1764859516029 0.0551566407084465 416
1764859516069 0.055156126618385315 417
1764859516109 0.05515561252832413 418
1764859516156 0.05515510216355324 419
1764859516212 0.05515459552407265 420
1764859516260 0.055154092609882355 421
1764859516303 0.05515357851982117 422
1764859516343 0.055153075605630875 423
1764859516382 0.05515257269144058 424
1764859516419 0.05515207350254059 425
1764859516463 0.05515157803893089 426
1764859516506 0.0551510751247406 427
1764859516542 0.055150583386421204 428
1764859516582 0.05515008047223091 429
1764859516626 0.055149588733911514 430
1764859516669 0.05514909699559212 431
1764859516725 0.05514860898256302 432
1764859516782 0.05514811724424362 433
1764859516827 0.05514763668179512 434
1764859516872 0.05514715239405632 435
1764859516912 0.05514666810631752 436
1764859516956 0.05514618754386902 437
1764859517002 0.05514570325613022 438
1764859517047 0.055145230144262314 439
1764859517105 0.055144742131233215 440
1764859517154 0.05514426901936531 441
1764859517198 0.05514379218220711 442
1764859517242 0.055143315345048904 443
1764859517282 0.055142842233181 444
1764859517322 0.055142369121313095 445
1764859517365 0.05514190346002579 446
1764859517404 0.05514143407344818 447
1764859517443 0.055140960961580276 448
1764859517487 0.05514049902558327 449
1764859517529 0.05514003708958626 450
1764859517570 0.05513957515358925 451
1764859517610 0.05513911321759224 452
1764859517651 0.05513864383101463 453
1764859517721 0.05513818934559822 454
1764859517773 0.05513773486018181 455
1764859517818 0.0551372654736042 456
1764859517859 0.055136822164058685 457
1764859517898 0.055136363953351974 458
1764859517938 0.05513590946793556 459
1764859517983 0.05513545870780945 460
1764859518030 0.055135007947683334 461
1764859518076 0.05513456091284752 462
1764859518120 0.055134113878011703 463
1764859518175 0.05513366311788559 464
1764859518229 0.055133216083049774 465
1764859518287 0.05513276904821396 466
1764859518343 0.05513232573866844 467
1764859518398 0.055131882429122925 468
1764859518454 0.055131442844867706 469
1764859518511 0.05513099953532219 470
1764859518558 0.05513055995106697 471
1764859518603 0.055130116641521454 472
1764859518643 0.055129677057266235 473
1764859518686 0.055129244923591614 474
1764859518728 0.0551288016140461 475
1764859518765 0.055128373205661774 476
1764859518812 0.055127933621406555 477
1764859518849 0.055127501487731934 478
1764859518888 0.05512706935405731 479
1764859518934 0.05512663722038269 480
1764859518976 0.05512620881199837 481
1764859519014 0.055125776678323746 482
1764859519053 0.055125344544649124 483
1764859519090 0.0551249198615551 484
1764859519130 0.055124491453170776 485
1764859519170 0.05512406677007675 486
1764859519211 0.05512363836169243 487
1764859519253 0.055123209953308105 488
1764859519292 0.05512278527021408 489
1764859519335 0.055122364312410355 490
1764859519380 0.05512193590402603 491
1764859519423 0.055121514946222305 492
1764859519466 0.05512109398841858 493
1764859519512 0.05512067303061485 494
1764859519559 0.05512024834752083 495
1764859519608 0.0551198311150074 496
1764859519654 0.055119410157203674 497
1764859519692 0.055118996649980545 498
1764859519732 0.05511856824159622 499
1764859496795 0.29245030879974365 0
