1765823716870 0.4969789385795593 0
1765823716916 0.4055689573287964 1
1765823716957 0.3338862955570221 2
1765823717001 0.25293004512786865 3
1765823717043 0.17796528339385986 4
1765823717089 0.25856813788414 5
1765823717128 0.22881342470645905 6
1765823717169 0.1809840351343155 7
1765823717213 0.16961464285850525 8
1765823717255 0.17981332540512085 9
1765823717304 0.19042141735553741 10
1765823717350 0.1943412721157074 11
1765823717387 0.19097210466861725 12
1765823717432 0.18189822137355804 13
1765823717478 0.16982367634773254 14
1765823717521 0.15792429447174072 15
1765823717564 0.15045495331287384 16
1765823717610 0.14944027364253998 17
1765823717649 0.15215574204921722 18
1765823717691 0.15262721478939056 19
1765823717730 0.1463756114244461 20
1765823717772 0.13472288846969604 21
1765823717812 0.12333299964666367 22
1765823717854 0.11777231842279434 23
1765823717896 0.11770245432853699 24
1765823717937 0.11699355393648148 25
1765823717978 0.10988833010196686 26
1765823718022 0.09730575978755951 27
1765823718064 0.08940617740154266 28
1765823718106 0.0939703956246376 29
1765823718147 0.09780155122280121 30
1765823718188 0.09077572822570801 31
1765823718228 0.08725687861442566 32
1765823718270 0.09472863376140594 33
1765823718314 0.09446578472852707 34
1765823718354 0.08593451231718063 35
1765823718396 0.08239436149597168 36
1765823718440 0.08383527398109436 37
1765823718480 0.08172313123941422 38
1765823718524 0.07684369385242462 39
1765823718564 0.07528980076313019 40
1765823718606 0.07488353550434113 41
1765823718647 0.07526297122240067 42
1765823718690 0.07559828460216522 43
1765823718729 0.07530667632818222 44
1765823718769 0.07437502592802048 45
1765823718815 0.07323481887578964 46
1765823718853 0.07239209115505219 47
1765823718895 0.07204293459653854 48
1765823718937 0.07195678353309631 49
1765823718981 0.07171067595481873 50
1765823719022 0.07105255126953125 51
1765823719059 0.07008520513772964 52
1765823719100 0.06915657967329025 53
1765823719142 0.06854771822690964 54
1765823719185 0.06825873255729675 55
1765823719230 0.06803492456674576 56
1765823719272 0.06762426346540451 57
1765823719315 0.06699851900339127 58
1765823719355 0.06635230779647827 59
1765823719399 0.06589794903993607 60
1765823719439 0.06565318256616592 61
1765823719484 0.06543492525815964 62
1765823719530 0.06505613774061203 63
1765823719570 0.06450781971216202 64
1765823719609 0.06394121050834656 65
1765823719649 0.06348901987075806 66
1765823719691 0.06313100457191467 67
1765823719734 0.06274145841598511 68
1765823719777 0.06224166974425316 69
1765823719831 0.06167912110686302 70
1765823719872 0.06116258352994919 71
1765823719912 0.06074158474802971 72
1765823719956 0.060361023992300034 73
1765823719996 0.059934861958026886 74
1765823720038 0.05944621190428734 75
1765823720088 0.05895474925637245 76
1765823720134 0.058515340089797974 77
1765823720180 0.05811139568686485 78
1765823720237 0.05768003314733505 79
1765823720285 0.05719089135527611 80
1765823720337 0.05667850375175476 81
1765823720387 0.056192319840192795 82
1765823720433 0.05573631078004837 83
1765823720479 0.05526912584900856 84
1765823720531 0.054768506437540054 85
1765823720577 0.05426379293203354 86
1765823720616 0.053791169077157974 87
1765823720657 0.05333983153104782 88
1765823720699 0.052871644496917725 89
1765823720741 0.0523802675306797 90
1765823720784 0.0518980510532856 91
1765823720826 0.05144153907895088 92
1765823720866 0.05098681524395943 93
1765823720907 0.05051608011126518 94
1765823720947 0.0500512532889843 95
1765823720992 0.049614280462265015 96
1765823721032 0.04918934032320976 97
1765823721072 0.04875797778367996 98
1765823721112 0.04833827540278435 99
1765823721159 0.04795001447200775 100
1765823721203 0.04757978767156601 101
1765823721244 0.047214336693286896 102
1765823721285 0.04687321186065674 103
1765823721324 0.046563055366277695 104
1765823721371 0.046265047043561935 105
1765823721414 0.04598325863480568 106
1765823721458 0.04573614522814751 107
1765823721499 0.04551379010081291 108
1765823721543 0.045306842774152756 109
1765823721581 0.045130930840969086 110
1765823721621 0.044980473816394806 111
1765823721666 0.04483966901898384 112
1765823721709 0.0447198785841465 113
1765823721749 0.04461480304598808 114
1765823721796 0.04451087489724159 115
1765823721842 0.04441767558455467 116
1765823721884 0.04432681202888489 117
1765823721929 0.04423088580369949 118
1765823721971 0.04413876309990883 119
1765823722015 0.044041238725185394 120
1765823722055 0.043936796486377716 121
1765823722101 0.04383227229118347 122
1765823722141 0.043720703572034836 123
1765823722179 0.043605003505945206 124
1765823722226 0.043489277362823486 125
1765823722266 0.043369002640247345 126
1765823722309 0.043249551206827164 127
1765823722350 0.043131452053785324 128
1765823722395 0.04301236569881439 129
1765823722438 0.04289610683917999 130
1765823722480 0.042781516909599304 131
1765823722519 0.042667221277952194 132
1765823722559 0.042556170374155045 133
1765823722601 0.04244628921151161 134
1765823722638 0.042337026447057724 135
1765823722675 0.042230088263750076 136
1765823722716 0.042124148458242416 137
1765823722756 0.042019009590148926 138
1765823722797 0.04191558435559273 139
1765823722841 0.04181231930851936 140
1765823722885 0.041709959506988525 141
1765823722926 0.04160863161087036 142
1765823722968 0.041506845504045486 143
1765823723010 0.041405800729990005 144
1765823723051 0.04130556061863899 145
1765823723091 0.041205234825611115 146
1765823723132 0.041104987263679504 147
1765823723172 0.041005171835422516 148
1765823723214 0.040905728936195374 149
1765823723254 0.04080700874328613 150
1765823723293 0.04070911556482315 151
1765823723335 0.04061175510287285 152
1765823723375 0.040514957159757614 153
1765823723422 0.04041871055960655 154
1765823723461 0.040322162210941315 155
1765823723506 0.04022669419646263 156
1765823723546 0.04013093560934067 157
1765823723591 0.040036704391241074 158
1765823723633 0.03994298726320267 159
1765823723679 0.03984997048974037 160
1765823723723 0.03975764662027359 161
1765823723769 0.039665672928094864 162
1765823723813 0.039573099464178085 163
1765823723864 0.039480600506067276 164
1765823723912 0.0393873006105423 165
1765823723959 0.03929460048675537 166
1765823724011 0.039202019572257996 167
1765823724059 0.03910801559686661 168
1765823724108 0.039013464003801346 169
1765823724154 0.03891649842262268 170
1765823724194 0.03882161155343056 171
1765823724232 0.038727063685655594 172
1765823724270 0.03863247483968735 173
1765823724320 0.03853577747941017 174
1765823724375 0.03843865543603897 175
1765823724419 0.03834044560790062 176
1765823724464 0.038241852074861526 177
1765823724508 0.038144249469041824 178
1765823724550 0.038047242909669876 179
1765823724588 0.03795485198497772 180
1765823724632 0.03786524012684822 181
1765823724671 0.03777730092406273 182
1765823724710 0.03769039735198021 183
1765823724750 0.037599481642246246 184
1765823724793 0.037509020417928696 185
1765823724837 0.037420667707920074 186
1765823724889 0.03733206167817116 187
1765823724938 0.03724370151758194 188
1765823724990 0.03715597838163376 189
1765823725035 0.03706834837794304 190
1765823725082 0.03698018938302994 191
1765823725133 0.03689223900437355 192
1765823725186 0.0368058867752552 193
1765823725241 0.03671688959002495 194
1765823725290 0.036630626767873764 195
1765823725350 0.03654869273304939 196
1765823725403 0.036469556391239166 197
1765823725460 0.03638918697834015 198
1765823725521 0.036308009177446365 199
1765823725577 0.036224499344825745 200
1765823725638 0.03614209219813347 201
1765823725683 0.03606482967734337 202
1765823725732 0.03599194809794426 203
1765823725778 0.035918228328228 204
1765823725823 0.03584956377744675 205
1765823725868 0.03578175604343414 206
1765823725916 0.03571546822786331 207
1765823725964 0.0356493778526783 208
1765823726010 0.035584814846515656 209
1765823726054 0.03552056476473808 210
1765823726111 0.03545616567134857 211
1765823726163 0.03538999706506729 212
1765823726214 0.03532392904162407 213
1765823726261 0.03525843098759651 214
1765823726308 0.03519361838698387 215
1765823726359 0.03513070568442345 216
1765823726406 0.035071488469839096 217
1765823726449 0.035013604909181595 218
1765823726486 0.034956928342580795 219
1765823726532 0.034901127219200134 220
1765823726577 0.034845996648073196 221
1765823726620 0.034791797399520874 222
1765823726659 0.03473861888051033 223
1765823726700 0.034686218947172165 224
1765823726739 0.034634094685316086 225
1765823726779 0.03458298370242119 226
1765823726818 0.034532807767391205 227
1765823726864 0.03448367118835449 228
1765823726908 0.034435056149959564 229
1765823726953 0.03438804671168327 230
1765823726997 0.03434215486049652 231
1765823727039 0.03429821878671646 232
1765823727077 0.034255996346473694 233
1765823727118 0.034214768558740616 234
1765823727160 0.03417463228106499 235
1765823727205 0.03413582593202591 236
1765823727254 0.0340983048081398 237
1765823727293 0.034061700105667114 238
1765823727336 0.034025829285383224 239
1765823727381 0.03399074077606201 240
1765823727423 0.03395640477538109 241
1765823727464 0.03392284736037254 242
1765823727517 0.033890049904584885 243
1765823727564 0.03385799005627632 244
1765823727610 0.03382664918899536 245
1765823727658 0.0337960459291935 246
1765823727707 0.033766161650419235 247
1765823727760 0.03373698517680168 248
1765823727814 0.03370856121182442 249
1765823727876 0.03368077054619789 250
1765823727927 0.033653803169727325 251
1765823727979 0.03362753242254257 252
1765823728031 0.03360193222761154 253
1765823728081 0.03357698395848274 254
1765823728136 0.033552683889865875 255
1765823728190 0.03352901339530945 256
1765823728242 0.033505965024232864 257
1765823728295 0.03348340839147568 258
1765823728344 0.03346143290400505 259
1765823728394 0.03344005346298218 260
1765823728435 0.03341924026608467 261
1765823728478 0.03339897468686104 262
1765823728524 0.033379264175891876 263
1765823728573 0.033360082656145096 264
1765823728616 0.0333414189517498 265
1765823728663 0.0333232581615448 266
1765823728710 0.03330559656023979 267
1765823728756 0.03328842669725418 268
1765823728794 0.03327174112200737 269
1765823728841 0.03325552120804787 270
1765823728892 0.033239755779504776 271
1765823728942 0.0332244448363781 272
1765823728982 0.03320956602692604 273
1765823729024 0.033195119351148605 274
1765823729067 0.0331810861825943 275
1765823729111 0.033167459070682526 276
1765823729155 0.03315423056483269 277
1765823729200 0.03314138203859329 278
1765823729247 0.033128924667835236 279
1765823729293 0.03311682492494583 280
1765823729334 0.033105090260505676 281
1765823729375 0.03309370204806328 282
1765823729419 0.033082641661167145 283
1765823729465 0.033071912825107574 284
1765823729512 0.03306150808930397 285
1765823729555 0.03305140137672424 286
1765823729603 0.03304159268736839 287
1765823729649 0.033032070845365524 288
1765823729691 0.03302282840013504 289
1765823729729 0.03301386535167694 290
1765823729772 0.03300517424941063 291
1765823729811 0.032996732741594315 292
1765823729853 0.03298855572938919 293
1765823729897 0.032980624586343765 294
1765823729943 0.03297293186187744 295
1765823729990 0.032965462654829025 296
1765823730032 0.032958220690488815 297
1765823730076 0.03295119106769562 298
1765823730120 0.032944370061159134 299
1765823730161 0.03293774649500847 300
1765823730208 0.03293132036924362 301
1765823730252 0.0329250730574131 302
1765823730301 0.03291899338364601 303
1765823730342 0.032913073897361755 304
1765823730387 0.03290732204914093 305
1765823730439 0.03290173038840294 306
1765823730481 0.03289629518985748 307
1765823730524 0.03289101645350456 308
1765823730567 0.03288587927818298 309
1765823730607 0.03288087993860245 310
1765823730647 0.03287602216005325 311
1765823730691 0.03287129104137421 312
1765823730729 0.03286668285727501 313
1765823730768 0.03286220133304596 314
1765823730807 0.03285784274339676 315
1765823730851 0.03285359963774681 316
1765823730896 0.032849472016096115 317
1765823730945 0.032845452427864075 318
1765823730989 0.03284153342247009 319
1765823731037 0.03283962234854698 320
1765823731084 0.032837748527526855 321
1765823731124 0.03283590078353882 322
1765823731167 0.03283408656716347 323
1765823731212 0.0328323096036911 324
1765823731256 0.03283054754137993 325
1765823731308 0.032828815281391144 326
1765823731356 0.03282711282372475 327
1765823731403 0.03282543271780014 328
1765823731451 0.03282378241419792 329
1765823731497 0.032822150737047195 330
1765823731541 0.03282134234905243 331
1765823731587 0.03282054513692856 332
1765823731637 0.032819755375385284 333
1765823731681 0.03281896561384201 334
1765823731728 0.03281818702816963 335
1765823731776 0.03281741589307785 336
1765823731820 0.03281664848327637 337
1765823731863 0.03281588852405548 338
1765823731907 0.03281513974070549 339
1765823731949 0.0328143872320652 340
1765823731990 0.03281363844871521 341
1765823732032 0.03281326964497566 342
1765823732077 0.032812900841236115 343
1765823732117 0.03281252831220627 344
1765823732158 0.03281216323375702 345
1765823732199 0.03281179815530777 346
1765823732246 0.03281143307685852 347
1765823732291 0.03281107544898987 348
1765823732334 0.03281071409583092 349
1765823732377 0.03281034901738167 350
1765823732418 0.032809995114803314 351
1765823732464 0.03280963748693466 352
1765823732503 0.032809458673000336 353
1765823732551 0.03280927985906601 354
1765823732593 0.03280910477042198 355
1765823732636 0.032808925956487656 356
1765823732676 0.03280875086784363 357
1765823732723 0.032808568328619 358
1765823732765 0.032808393239974976 359
1765823732809 0.03280821815133095 360
1765823732853 0.03280803561210632 361
1765823732899 0.032807860523462296 362
1765823732942 0.03280768543481827 363
1765823732984 0.0328075997531414 364
1765823733023 0.03280751034617424 365
1765823733066 0.03280742093920708 366
1765823733106 0.032807331532239914 367
1765823733151 0.03280724212527275 368
1765823733189 0.03280715271830559 369
1765823733234 0.03280706703662872 370
1765823733285 0.03280698135495186 371
1765823733327 0.032806891947984695 372
1765823733371 0.032806798815727234 373
1765823733418 0.03280670940876007 374
1765823733460 0.03280666843056679 375
1765823733505 0.032806623727083206 376
1765823733549 0.03280658274888992 377
1765823733588 0.03280653432011604 378
1765823733627 0.03280648961663246 379
1765823733669 0.03280644491314888 380
1765823733716 0.0328064002096653 381
1765823733763 0.032806359231472015 382
1765823733806 0.032806314527988434 383
1765823733852 0.032806266099214554 384
1765823733893 0.03280622512102127 385
1765823733938 0.03280620276927948 386
1765823734056 0.03280617669224739 387
1765823734110 0.0328061580657959 388
1765823734154 0.03280613198876381 389
1765823734203 0.03280610963702202 390
1765823734248 0.03280608728528023 391
1765823734289 0.03280606493353844 392
1765823734328 0.032806042581796646 393
1765823734375 0.032806020230054855 394
1765823734427 0.032805994153022766 395
1765823734479 0.032805975526571274 396
1765823734520 0.03280596062541008 397
1765823716870 0.4969789385795593 0
