1765823716881 0.4457350969314575 0
1765823716926 0.3573994040489197 1
1765823716966 0.2873952090740204 2
1765823717011 0.20133894681930542 3
1765823717054 0.1320527344942093 4
1765823717098 0.23165357112884521 5
1765823717137 0.20040711760520935 6
1765823717179 0.14712563157081604 7
1765823717223 0.1285998374223709 8
1765823717266 0.13389715552330017 9
1765823717317 0.14475959539413452 10
1765823717358 0.14854653179645538 11
1765823717397 0.1457761824131012 12
1765823717442 0.13765597343444824 13
1765823717488 0.12628228962421417 14
1765823717530 0.11655344814062119 15
1765823717573 0.1153738722205162 16
1765823717619 0.11848452687263489 17
1765823717658 0.12476811558008194 18
1765823717700 0.12784583866596222 19
1765823717738 0.1224733516573906 20
1765823717781 0.10966216027736664 21
1765823717821 0.0950460433959961 22
1765823717862 0.08556349575519562 23
1765823717905 0.08352391421794891 24
1765823717946 0.08380316197872162 25
1765823717987 0.0773780345916748 26
1765823718032 0.06551017612218857 27
1765823718074 0.06544790416955948 28
1765823718114 0.07730760425329208 29
1765823718156 0.08125539124011993 30
1765823718197 0.07065287977457047 31
1765823718237 0.06362314522266388 32
1765823718279 0.07236073166131973 33
1765823718322 0.07219494879245758 34
1765823718364 0.06300831586122513 35
1765823718407 0.0608648955821991 36
1765823718449 0.06528199464082718 37
1765823718491 0.06439141184091568 38
1765823718532 0.05788158252835274 39
1765823718573 0.05439382046461105 40
1765823718615 0.05194060131907463 41
1765823718655 0.05091336742043495 42
1765823718700 0.050631459802389145 43
1765823718738 0.05033526197075844 44
1765823718780 0.050011564046144485 45
1765823718824 0.050071388483047485 46
1765823718863 0.051175542175769806 47
1765823718905 0.05289478600025177 48
1765823718947 0.05428141728043556 49
1765823718990 0.05470521003007889 50
1765823719030 0.05395147204399109 51
1765823719070 0.052177127450704575 52
1765823719108 0.04988180473446846 53
1765823719151 0.04777982085943222 54
1765823719194 0.04636839032173157 55
1765823719240 0.04557393118739128 56
1765823719281 0.04510215297341347 57
1765823719323 0.04489140957593918 58
1765823719366 0.04505070298910141 59
1765823719407 0.04561098664999008 60
1765823719450 0.04629349336028099 61
1765823719495 0.046647392213344574 62
1765823719539 0.046318862587213516 63
1765823719578 0.04535481706261635 64
1765823719618 0.044070687144994736 65
1765823719657 0.042918503284454346 66
1765823719701 0.04211576655507088 67
1765823719743 0.04164538532495499 68
1765823719787 0.04143301025032997 69
1765823719840 0.041488341987133026 70
1765823719881 0.0417759083211422 71
1765823719922 0.04220012575387955 72
1765823719965 0.04243259131908417 73
1765823720004 0.04227711260318756 74
1765823720049 0.04170122370123863 75
1765823720099 0.04087923839688301 76
1765823720144 0.04006214439868927 77
1765823720193 0.039417363703250885 78
1765823720247 0.038988202810287476 79
1765823720297 0.038765400648117065 80
1765823720348 0.038723014295101166 81
1765823720397 0.03878479450941086 82
1765823720444 0.03874296322464943 83
1765823720490 0.03845415636897087 84
1765823720543 0.03788468986749649 85
1765823720585 0.03714921697974205 86
1765823720624 0.036455608904361725 87
1765823720667 0.03591950610280037 88
1765823720707 0.03554530814290047 89
1765823720751 0.03531385585665703 90
1765823720793 0.03520575165748596 91
1765823720834 0.03511451184749603 92
1765823720875 0.03490182012319565 93
1765823720917 0.034517280757427216 94
1765823720957 0.034067537635564804 95
1765823721002 0.03367134928703308 96
1765823721041 0.03339987248182297 97
1765823721080 0.03324558213353157 98
1765823721123 0.03317181020975113 99
1765823721168 0.03310400992631912 100
1765823721212 0.03296336904168129 101
1765823721252 0.0327264778316021 102
1765823721294 0.032447490841150284 103
1765823721335 0.032195430248975754 104
1765823721381 0.032026614993810654 105
1765823721422 0.03199873864650726 106
1765823721468 0.032020341604948044 107
1765823721508 0.031975701451301575 108
1765823721553 0.03183218091726303 109
1765823721590 0.03168490156531334 110
1765823721630 0.03163453936576843 111
1765823721674 0.03166374936699867 112
1765823721717 0.03173704817891121 113
1765823721759 0.03176340460777283 114
1765823721806 0.03170676529407501 115
1765823721852 0.03162715211510658 116
1765823721894 0.03158862888813019 117
1765823721938 0.0316043421626091 118
1765823721981 0.03162640333175659 119
1765823722025 0.03157215937972069 120
1765823722065 0.031447816640138626 121
1765823722112 0.031317636370658875 122
1765823722149 0.031234346330165863 123
1765823722190 0.031179208308458328 124
1765823722235 0.03109811246395111 125
1765823722275 0.030952012166380882 126
1765823722318 0.03078126348555088 127
1765823722360 0.030637094751000404 128
1765823722405 0.03053230419754982 129
1765823722446 0.03044188767671585 130
1765823722490 0.030322611331939697 131
1765823722527 0.03016737475991249 132
1765823722570 0.03001679852604866 133
1765823722609 0.029901305213570595 134
1765823722647 0.029814396053552628 135
1765823722684 0.029726136475801468 136
1765823722725 0.02961456961929798 137
1765823722765 0.02948852628469467 138
1765823722806 0.02937307208776474 139
1765823722852 0.029280975461006165 140
1765823722894 0.029204968363046646 141
1765823722934 0.029124097898602486 142
1765823722976 0.029023217037320137 143
1765823723019 0.028914622962474823 144
1765823723059 0.028819451108574867 145
1765823723100 0.02874303236603737 146
1765823723140 0.02867189235985279 147
1765823723181 0.028589997440576553 148
1765823723223 0.02849785052239895 149
1765823723262 0.028412455692887306 150
1765823723302 0.028341542929410934 151
1765823723344 0.02828366868197918 152
1765823723391 0.02822226844727993 153
1765823723430 0.02815018594264984 154
1765823723471 0.02807069569826126 155
1765823723514 0.02799750678241253 156
1765823723555 0.027933752164244652 157
1765823723599 0.02787715382874012 158
1765823723644 0.027815081179142 159
1765823723688 0.02774118259549141 160
1765823723733 0.0276623722165823 161
1765823723779 0.02758931741118431 162
1765823723823 0.02752116695046425 163
1765823723876 0.02745068073272705 164
1765823723922 0.027368778362870216 165
1765823723970 0.02728251926600933 166
1765823724023 0.027202868834137917 167
1765823724069 0.027125166729092598 168
1765823724118 0.027041688561439514 169
1765823724163 0.02694869600236416 170
1765823724202 0.02686481736600399 171
1765823724240 0.026790790259838104 172
1765823724281 0.026711659505963326 173
1765823724332 0.02662183903157711 174
1765823724385 0.02652762271463871 175
1765823724428 0.02643849141895771 176
1765823724474 0.02635800465941429 177
1765823724518 0.026280362159013748 178
1765823724559 0.026200897991657257 179
1765823724597 0.026125358417630196 180
1765823724642 0.02606004662811756 181
1765823724680 0.025997193530201912 182
1765823724719 0.025937333703041077 183
1765823724759 0.02586103044450283 184
1765823724802 0.025783859193325043 185
1765823724847 0.025722794234752655 186
1765823724900 0.025665519759058952 187
1765823724951 0.02559104934334755 188
1765823725001 0.02550828643143177 189
1765823725046 0.025434520095586777 190
1765823725093 0.025368021801114082 191
1765823725144 0.025298897176980972 192
1765823725199 0.025226160883903503 193
1765823725251 0.025146717205643654 194
1765823725303 0.025072693824768066 195
1765823725363 0.025014301761984825 196
1765823725414 0.024954382330179214 197
1765823725471 0.024880440905690193 198
1765823725532 0.024803953245282173 199
1765823725590 0.024737341329455376 200
1765823725648 0.024682892486453056 201
1765823725694 0.024622324854135513 202
1765823725743 0.02455594204366207 203
1765823725788 0.024482209235429764 204
1765823725832 0.024423403665423393 205
1765823725878 0.02437775395810604 206
1765823725927 0.024323899298906326 207
1765823725974 0.024255814030766487 208
1765823726018 0.024193093180656433 209
1765823726067 0.024144664406776428 210
1765823726125 0.02409580536186695 211
1765823726174 0.024032672867178917 212
1765823726223 0.023967763409018517 213
1765823726271 0.023921560496091843 214
1765823726320 0.02388114668428898 215
1765823726368 0.023828990757465363 216
1765823726416 0.023774966597557068 217
1765823726457 0.02373158372938633 218
1765823726496 0.02369154617190361 219
1765823726542 0.023643363267183304 220
1765823726587 0.023588379845023155 221
1765823726628 0.02354314550757408 222
1765823726668 0.02350332774221897 223
1765823726709 0.023455724120140076 224
1765823726747 0.023399576544761658 225
1765823726788 0.0233511570841074 226
1765823726828 0.023311493918299675 227
1765823726874 0.023268790915608406 228
1765823726918 0.023218506947159767 229
1765823726962 0.023174503818154335 230
1765823727006 0.02314264327287674 231
1765823727048 0.023106900975108147 232
1765823727085 0.023064756765961647 233
1765823727127 0.023024968802928925 234
1765823727171 0.022993303835392 235
1765823727214 0.02296118438243866 236
1765823727262 0.022924991324543953 237
1765823727302 0.022889764979481697 238
1765823727346 0.02285887487232685 239
1765823727390 0.02282949909567833 240
1765823727431 0.022797100245952606 241
1765823727474 0.022766616195440292 242
1765823727529 0.022740837186574936 243
1765823727574 0.022716091945767403 244
1765823727621 0.022689465433359146 245
1765823727670 0.022664781659841537 246
1765823727718 0.022643882781267166 247
1765823727772 0.02262185700237751 248
1765823727829 0.02259797602891922 249
1765823727886 0.022575531154870987 250
1765823727941 0.02255551889538765 251
1765823727992 0.02253459021449089 252
1765823728043 0.022513864561915398 253
1765823728093 0.022494889795780182 254
1765823728148 0.022476205602288246 255
1765823728202 0.02245599962770939 256
1765823728254 0.02243703417479992 257
1765823728306 0.02242036908864975 258
1765823728356 0.02240397036075592 259
1765823728404 0.022387031465768814 260
1765823728445 0.022371871396899223 261
1765823728487 0.02235785312950611 262
1765823728535 0.022342875599861145 263
1765823728583 0.022328287363052368 264
1765823728626 0.022315355017781258 265
1765823728674 0.022302864119410515 266
1765823728720 0.022288944572210312 267
1765823728765 0.022275513038039207 268
1765823728803 0.022262969985604286 269
1765823728852 0.02224956639111042 270
1765823728902 0.022236166521906853 271
1765823728950 0.022224072366952896 272
1765823728991 0.02221238985657692 273
1765823729034 0.022200046107172966 274
1765823729077 0.022188596427440643 275
1765823729120 0.02217843011021614 276
1765823729165 0.022168375551700592 277
1765823729210 0.022159095853567123 278
1765823729258 0.02215077355504036 279
1765823729302 0.022142479196190834 280
1765823729343 0.02213345654308796 281
1765823729384 0.022124923765659332 282
1765823729430 0.02211683616042137 283
1765823729474 0.022108010947704315 284
1765823729522 0.022100498899817467 285
1765823729566 0.02209385670721531 286
1765823729613 0.022086963057518005 287
1765823729657 0.0220798272639513 288
1765823729700 0.02207363024353981 289
1765823729737 0.02206772193312645 290
1765823729781 0.02206149324774742 291
1765823729819 0.0220557302236557 292
1765823729861 0.02205035462975502 293
1765823729908 0.02204439789056778 294
1765823729952 0.02203872613608837 295
1765823730000 0.02203340455889702 296
1765823730042 0.022027600556612015 297
1765823730087 0.02202201634645462 298
1765823730129 0.022017275914549828 299
1765823730170 0.02201223559677601 300
1765823730218 0.022007210180163383 301
1765823730263 0.022002914920449257 302
1765823730310 0.021998673677444458 303
1765823730351 0.02199532650411129 304
1765823730396 0.02199183963239193 305
1765823730449 0.02198876440525055 306
1765823730490 0.021985989063978195 307
1765823730534 0.02198297344148159 308
1765823730578 0.021979887038469315 309
1765823730615 0.021976882591843605 310
1765823730657 0.021973636001348495 311
1765823730701 0.021970652043819427 312
1765823730737 0.02196815423667431 313
1765823730776 0.02196558564901352 314
1765823730816 0.021963071078062057 315
1765823730859 0.02196085825562477 316
1765823730907 0.021958686411380768 317
1765823730954 0.021956544369459152 318
1765823730999 0.021954629570245743 319
1765823731047 0.02195366472005844 320
1765823731094 0.02195269614458084 321
1765823731132 0.021951744332909584 322
1765823731177 0.021950818598270416 323
1765823731220 0.021949896588921547 324
1765823731269 0.021948939189314842 325
1765823731318 0.02194794826209545 326
1765823731367 0.021946951746940613 327
1765823731413 0.02194596640765667 328
1765823731461 0.021944990381598473 329
1765823731507 0.021944107487797737 330
1765823731551 0.021943699568510056 331
1765823731598 0.021943291649222374 332
1765823731646 0.021942896768450737 333
1765823731691 0.021942513063549995 334
1765823731738 0.0219421423971653 335
1765823731786 0.02194177359342575 336
1765823731830 0.021941406652331352 337
1765823731873 0.0219410452991724 338
1765823731915 0.021940691396594048 339
1765823731961 0.02194034680724144 340
1765823731999 0.02194000966846943 341
1765823732042 0.02193986438214779 342
1765823732087 0.021939735859632492 343
1765823732125 0.021939603611826897 344
1765823732167 0.021939478814601898 345
1765823732209 0.02193935215473175 346
1765823732256 0.021939219906926155 347
1765823732299 0.021939098834991455 348
1765823732344 0.02193896844983101 349
1765823732385 0.02193884551525116 350
1765823732428 0.021938716992735863 351
1765823732472 0.021938594058156013 352
1765823732513 0.021938521414995193 353
1765823732560 0.021938441321253777 354
1765823732602 0.021938355639576912 355
1765823732644 0.0219382643699646 356
1765823732687 0.021938176825642586 357
1765823732732 0.021938085556030273 358
1765823732776 0.02193799428641796 359
1765823732820 0.02193790301680565 360
1765823732863 0.021937811747193336 361
1765823732909 0.021937724202871323 362
1765823732952 0.02193763665854931 363
1765823732992 0.021937591955065727 364
1765823733032 0.021937543526291847 365
1765823733075 0.021937495097517967 366
1765823733115 0.021937448531389236 367
1765823733160 0.021937398239970207 368
1765823733199 0.021937353536486626 369
1765823733246 0.021937305107712746 370
1765823733294 0.021937254816293716 371
1765823733337 0.021937206387519836 372
1765823733381 0.021937161684036255 373
1765823733428 0.021937113255262375 374
1765823733469 0.021937094628810883 375
1765823733514 0.021937068551778793 376
1765823733559 0.0219370499253273 377
1765823733596 0.02193702571094036 378
1765823733637 0.02193700335919857 379
1765823733680 0.02193697914481163 380
1765823733727 0.021936962381005287 381
1765823733774 0.021936940029263496 382
1765823733816 0.021936921402812004 383
1765823733861 0.021936902776360512 384
1765823733902 0.02193688228726387 385
1765823733947 0.021936872974038124 386
1765823734070 0.021936863660812378 387
1765823734119 0.021936850622296333 388
1765823734164 0.021936841309070587 389
1765823734215 0.02193683385848999 390
1765823734256 0.021936826407909393 391
1765823734297 0.02193681336939335 392
1765823734337 0.021936804056167603 393
1765823734386 0.021936792880296707 394
1765823734439 0.02193678729236126 395
1765823734488 0.021936774253845215 396
1765823734529 0.021936774253845215 397
1765823716881 0.4457350969314575 0
