1765823716859 0.24698805809020996 0
1765823716907 0.16448616981506348 1
1765823716948 0.11148005723953247 2
1765823716991 0.06397361308336258 3
1765823717033 0.03167164325714111 4
1765823717079 0.0668574869632721 5
1765823717119 0.052355583757162094 6
1765823717160 0.03275521844625473 7
1765823717203 0.028769126161932945 8
1765823717246 0.03233283385634422 9
1765823717292 0.036260318011045456 10
1765823717342 0.03776852786540985 11
1765823717377 0.03647034615278244 12
1765823717422 0.03308696299791336 13
1765823717467 0.02884008176624775 14
1765823717512 0.024940084666013718 15
1765823717553 0.022636694833636284 16
1765823717600 0.022332394495606422 17
1765823717640 0.023151367902755737 18
1765823717683 0.023295065388083458 19
1765823717721 0.021425820887088776 20
1765823717763 0.01815025508403778 21
1765823717803 0.015211028046905994 22
1765823717845 0.013870318420231342 23
1765823717886 0.013853867538273335 24
1765823717928 0.013687491416931152 25
1765823717969 0.012075445614755154 26
1765823718011 0.009468410164117813 27
1765823718055 0.007993464358150959 28
1765823718097 0.008830434642732143 29
1765823718138 0.009565142914652824 30
1765823718178 0.00824023224413395 31
1765823718220 0.007613763213157654 32
1765823718260 0.008973514661192894 33
1765823718302 0.008923784829676151 34
1765823718345 0.007384740747511387 35
1765823718386 0.0067888302728533745 36
1765823718431 0.007028353400528431 37
1765823718471 0.006678669713437557 38
1765823718515 0.005904953461140394 39
1765823718554 0.005668553989380598 40
1765823718595 0.005607543513178825 41
1765823718638 0.005664515309035778 42
1765823718679 0.005715100560337305 43
1765823718720 0.005671096034348011 44
1765823718759 0.005531643982976675 45
1765823718805 0.005363338626921177 46
1765823718843 0.005240614525973797 47
1765823718886 0.005190184805542231 48
1765823718929 0.0051777781918644905 49
1765823718972 0.0051424214616417885 50
1765823719011 0.005048464518040419 51
1765823719050 0.004911936353892088 52
1765823719091 0.004782632924616337 53
1765823719133 0.004698790144175291 54
1765823719174 0.004659255035221577 55
1765823719220 0.004628750495612621 56
1765823719264 0.004573040641844273 57
1765823719306 0.004488801583647728 58
1765823719346 0.004402628634124994 59
1765823719390 0.004342539701610804 60
1765823719429 0.004310340620577335 61
1765823719474 0.004281729459762573 62
1765823719520 0.004232300911098719 63
1765823719561 0.004161258693784475 64
1765823719601 0.0040884786285459995 65
1765823719640 0.004030855838209391 66
1765823719680 0.0039855241775512695 67
1765823719725 0.003936490509659052 68
1765823719766 0.0038740255404263735 69
1765823719812 0.0038043141830712557 70
1765823719863 0.0037408615462481976 71
1765823719904 0.003689540084451437 72
1765823719948 0.0036434533540159464 73
1765823719987 0.0035921877715736628 74
1765823720028 0.0035338522866368294 75
1765823720076 0.0034756625536829233 76
1765823720125 0.0034240451641380787 77
1765823720170 0.0033769344445317984 78
1765823720225 0.0033269862178713083 79
1765823720273 0.003270797897130251 80
1765823720326 0.003212452633306384 81
1765823720375 0.0031575767789036036 82
1765823720423 0.003106536343693733 83
1765823720468 0.0030546763446182013 84
1765823720517 0.0029995893128216267 85
1765823720568 0.0029445593245327473 86
1765823720607 0.00289348978549242 87
1765823720646 0.0028451376128941774 88
1765823720689 0.0027954108081758022 89
1765823720730 0.0027436926029622555 90
1765823720775 0.002693407703191042 91
1765823720815 0.0026462317910045385 92
1765823720857 0.002599655417725444 93
1765823720897 0.002551874378696084 94
1765823720939 0.002505128039047122 95
1765823720981 0.002461576834321022 96
1765823721024 0.0024195911828428507 97
1765823721063 0.0023773405700922012 98
1765823721103 0.0023365889210253954 99
1765823721149 0.0022992040030658245 100
1765823721193 0.002263836096972227 101
1765823721236 0.0022291934583336115 102
1765823721275 0.002197097986936569 103
1765823721313 0.002168118255212903 104
1765823721360 0.0021404544822871685 105
1765823721405 0.0021144601050764322 106
1765823721448 0.0020917949732393026 107
1765823721490 0.002071504946798086 108
1765823721533 0.002052710158750415 109
1765823721573 0.002036800840869546 110
1765823721612 0.0020232428796589375 111
1765823721656 0.002010595751926303 112
1765823721699 0.0019998676143586636 113
1765823721739 0.0019904805812984705 114
1765823721786 0.0019812178798019886 115
1765823721832 0.0019729300402104855 116
1765823721875 0.001964866416528821 117
1765823721918 0.0019563711248338223 118
1765823721961 0.0019482304342091084 119
1765823722005 0.001939630601555109 120
1765823722047 0.0019304421730339527 121
1765823722090 0.0019212680635973811 122
1765823722132 0.0019114998867735267 123
1765823722169 0.0019013964338228106 124
1765823722217 0.0018913173116743565 125
1765823722258 0.001880870433524251 126
1765823722298 0.0018705236725509167 127
1765823722341 0.0018603221978992224 128
1765823722385 0.0018500636797398329 129
1765823722428 0.001840075827203691 130
1765823722469 0.001830258290283382 131
1765823722510 0.0018204916268587112 132
1765823722549 0.0018110277596861124 133
1765823722591 0.0018016875255852938 134
1765823722630 0.0017924238927662373 135
1765823722667 0.0017833804013207555 136
1765823722707 0.0017744437791407108 137
1765823722747 0.0017655971460044384 138
1765823722788 0.0017569161718711257 139
1765823722830 0.001748270122334361 140
1765823722877 0.0017397208139300346 141
1765823722917 0.0017312781419605017 142
1765823722958 0.0017228183569386601 143
1765823723000 0.001714440411888063 144
1765823723041 0.0017061494290828705 145
1765823723082 0.0016978714847937226 146
1765823723123 0.0016896198503673077 147
1765823723163 0.0016814242117106915 148
1765823723205 0.0016732786316424608 149
1765823723245 0.0016652119811624289 150
1765823723285 0.001657232060097158 151
1765823723325 0.00164931477047503 152
1765823723367 0.0016414617421105504 153
1765823723413 0.0016336722765117884 154
1765823723452 0.0016258766409009695 155
1765823723496 0.0016181868268176913 156
1765823723537 0.0016104921232908964 157
1765823723580 0.0016029378166422248 158
1765823723622 0.0015954422997310758 159
1765823723669 0.0015880201244726777 160
1765823723713 0.0015806704759597778 161
1765823723759 0.0015733655309304595 162
1765823723803 0.0015660302015021443 163
1765823723850 0.0015587176894769073 164
1765823723901 0.0015513593098148704 165
1765823723949 0.0015440656570717692 166
1765823723999 0.0015367981977760792 167
1765823724050 0.0015294370241463184 168
1765823724097 0.0015220504719763994 169
1765823724144 0.001514493953436613 170
1765823724185 0.0015071174129843712 171
1765823724223 0.0014997855760157108 172
1765823724261 0.0014924680581316352 173
1765823724308 0.0014850061852484941 174
1765823724363 0.001477530226111412 175
1765823724409 0.0014699897728860378 176
1765823724453 0.0014624393079429865 177
1765823724498 0.001454983721487224 178
1765823724541 0.0014475927455350757 179
1765823724579 0.0014405709225684404 180
1765823724621 0.0014337764587253332 181
1765823724662 0.001427124603651464 182
1765823724702 0.0014205661136657 183
1765823724741 0.0014137208927422762 184
1765823724784 0.0014069265453144908 185
1765823724827 0.0014003064716234803 186
1765823724878 0.001393682905472815 187
1765823724925 0.0013870933325961232 188
1765823724979 0.0013805667404085398 189
1765823725024 0.001374062499962747 190
1765823725071 0.0013675345107913017 191
1765823725121 0.0013610373716801405 192
1765823725171 0.0013546734116971493 193
1765823725227 0.0013481300557032228 194
1765823725278 0.0013418028829619288 195
1765823725336 0.0013358069118112326 196
1765823725393 0.0013300286373123527 197
1765823725442 0.001324172830209136 198
1765823725508 0.001318271504715085 199
1765823725563 0.0013122144155204296 200
1765823725626 0.0013062508078292012 201
1765823725673 0.0013006719527766109 202
1765823725720 0.0012954204576089978 203
1765823725766 0.0012901191366836429 204
1765823725813 0.0012851911596953869 205
1765823725857 0.0012803339632228017 206
1765823725905 0.0012755946954712272 207
1765823725954 0.001270878012292087 208
1765823725999 0.0012662791414186358 209
1765823726043 0.0012617105385288596 210
1765823726096 0.0012571397237479687 211
1765823726152 0.0012524517951533198 212
1765823726202 0.001247780048288405 213
1765823726251 0.0012431569630280137 214
1765823726297 0.001238590688444674 215
1765823726349 0.001234166556969285 216
1765823726396 0.0012300092494115233 217
1765823726439 0.001225952641107142 218
1765823726478 0.0012219869531691074 219
1765823726523 0.0012180887861177325 220
1765823726567 0.001214243471622467 221
1765823726610 0.0012104692868888378 222
1765823726650 0.0012067715870216489 223
1765823726691 0.001203133724629879 224
1765823726730 0.0011995205422863364 225
1765823726770 0.0011959827970713377 226
1765823726809 0.0011925147846341133 227
1765823726853 0.0011891236063092947 228
1765823726899 0.0011857730569317937 229
1765823726943 0.0011825376423075795 230
1765823726987 0.0011793836019933224 231
1765823727030 0.0011763677466660738 232
1765823727068 0.001173473196104169 233
1765823727109 0.0011706504737958312 234
1765823727149 0.001167905400507152 235
1765823727195 0.0011652546236291528 236
1765823727244 0.0011626944178715348 237
1765823727284 0.0011601995211094618 238
1765823727325 0.0011577570112422109 239
1765823727371 0.0011553703807294369 240
1765823727414 0.001153037417680025 241
1765823727453 0.0011507595190778375 242
1765823727505 0.0011485355207696557 243
1765823727554 0.0011463634436950088 244
1765823727600 0.0011442422401160002 245
1765823727648 0.0011421728413552046 246
1765823727697 0.0011401536175981164 247
1765823727747 0.0011381841031834483 248
1765823727802 0.0011362669756636024 249
1765823727862 0.0011343942023813725 250
1765823727916 0.001132578356191516 251
1765823727967 0.0011308109387755394 252
1765823728019 0.0011290899710729718 253
1765823728069 0.0011274139396846294 254
1765823728123 0.0011257826117798686 255
1765823728177 0.001124194823205471 256
1765823728231 0.0011226496426388621 257
1765823728282 0.0011211385717615485 258
1765823728333 0.0011196675477549434 259
1765823728383 0.0011182372691109776 260
1765823728427 0.0011168455239385366 261
1765823728469 0.0011154914973303676 262
1765823728513 0.0011141753057017922 263
1765823728562 0.0011128950864076614 264
1765823728607 0.001111650257371366 265
1765823728652 0.0011104396544396877 266
1765823728700 0.0011092628119513392 267
1765823728745 0.001108119380660355 268
1765823728785 0.0011070086620748043 269
1765823728829 0.0011059297248721123 270
1765823728881 0.0011048814048990607 271
1765823728931 0.0011038637021556497 272
1765823728973 0.001102875336073339 273
1765823729015 0.0011019159574061632 274
1765823729056 0.001100984402000904 275
1765823729099 0.001100080437026918 276
1765823729145 0.0010992028983309865 277
1765823729190 0.0010983513202518225 278
1765823729236 0.001097525586374104 279
1765823729283 0.0010967241832986474 280
1765823729325 0.0010959471110254526 281
1765823729366 0.0010951930889859796 282
1765823729408 0.0010944613022729754 283
1765823729455 0.0010937514016404748 284
1765823729500 0.0010930632706731558 285
1765823729546 0.001092395163141191 286
1765823729592 0.0010917468462139368 287
1765823729638 0.0010911176213994622 288
1765823729681 0.0010905072558671236 289
1765823729720 0.0010899154003709555 290
1765823729762 0.0010893415892496705 291
1765823729801 0.001088784309104085 292
1765823729844 0.001088244840502739 293
1765823729885 0.0010877216700464487 294
1765823729933 0.001087214215658605 295
1765823729979 0.0010867216624319553 296
1765823730023 0.001086244243197143 297
1765823730067 0.0010857809102162719 298
1765823730111 0.00108533154707402 299
1765823730152 0.0010848952224478126 300
1765823730197 0.001084471819922328 301
1765823730241 0.0010840604081749916 302
1765823730291 0.0010836601722985506 303
1765823730333 0.0010832705302163959 304
1765823730375 0.0010828918311744928 305
1765823730428 0.001082523842342198 306
1765823730471 0.0010821663308888674 307
1765823730513 0.0010818189475685358 308
1765823730557 0.001081481110304594 309
1765823730598 0.0010811523534357548 310
1765823730636 0.0010808327933773398 311
1765823730682 0.0010805217316374183 312
1765823730720 0.0010802188189700246 313
1765823730760 0.0010799242882058024 314
1765823730798 0.0010796377900987864 315
1765823730841 0.0010793589754030108 316
1765823730884 0.001079087727703154 317
1765823730933 0.0010788236977532506 318
1765823730979 0.001078566419892013 319
1765823731020 0.00107844069134444 320
1765823731072 0.001078317640349269 321
1765823731116 0.001078196451999247 322
1765823731157 0.0010780772427096963 323
1765823731202 0.0010779604781419039 324
1765823731244 0.001077844761312008 325
1765823731297 0.001077731023542583 326
1765823731344 0.001077619381248951 327
1765823731392 0.001077509019523859 328
1765823731441 0.00107740075327456 329
1765823731485 0.0010772935347631574 330
1765823731531 0.0010772405657917261 331
1765823731577 0.0010771880624815822 332
1765823731626 0.0010771362576633692 333
1765823731671 0.0010770844528451562 334
1765823731717 0.001077033462934196 335
1765823731766 0.0010769828222692013 336
1765823731809 0.001076932530850172 337
1765823731854 0.0010768825886771083 338
1765823731897 0.0010768333449959755 339
1765823731938 0.0010767839848995209 340
1765823731982 0.00107673485763371 341
1765823732022 0.00107671064324677 342
1765823732066 0.00107668642885983 343
1765823732108 0.001076662098057568 344
1765823732148 0.0010766381165012717 345
1765823732190 0.0010766141349449754 346
1765823732235 0.0010765900369733572 347
1765823732281 0.00107656663749367 348
1765823732323 0.0010765428887680173 349
1765823732367 0.0010765190236270428 350
1765823732409 0.0010764957405626774 351
1765823732453 0.0010764723410829902 352
1765823732492 0.0010764604667201638 353
1765823732541 0.0010764488251879811 354
1765823732583 0.0010764373000711203 355
1765823732626 0.0010764255421236157 356
1765823732666 0.0010764140170067549 357
1765823732713 0.0010764022590592504 358
1765823732755 0.0010763907339423895 359
1765823732799 0.0010763790924102068 360
1765823732844 0.0010763672180473804 361
1765823732888 0.0010763558093458414 362
1765823732933 0.0010763441678136587 363
1765823732975 0.001076338579878211 364
1765823733014 0.0010763326426967978 365
1765823733055 0.0010763268219307065 366
1765823733095 0.0010763208847492933 367
1765823733141 0.0010763151803985238 368
1765823733179 0.0010763093596324325 369
1765823733224 0.001076303655281663 370
1765823733273 0.0010762979509308934 371
1765823733318 0.001076292130164802 372
1765823733361 0.001076286076568067 373
1765823733407 0.0010762802558019757 374
1765823733450 0.0010762774618342519 375
1765823733494 0.0010762745514512062 376
1765823733538 0.0010762717574834824 377
1765823733579 0.001076268614269793 378
1765823733616 0.0010762657038867474 379
1765823733659 0.0010762629099190235 380
1765823733706 0.0010762599995359778 381
1765823733751 0.0010762570891529322 382
1765823733796 0.0010762541787698865 383
1765823733841 0.0010762510355561972 384
1765823733884 0.0010762483580037951 385
1765823733927 0.0010762468446046114 386
1765823734044 0.0010762453312054276 387
1765823734096 0.0010762440506368876 388
1765823734144 0.0010762423044070601 389
1765823734191 0.0010762409074231982 390
1765823734240 0.0010762393940240145 391
1765823734279 0.0010762378806248307 392
1765823734320 0.001076236367225647 393
1765823734361 0.0010762348538264632 394
1765823734414 0.0010762333404272795 395
1765823734468 0.0010762319434434175 396
1765823734511 0.001076231012120843 397
1765823716859 0.24698805809020996 0
