1764858449912 0.24618364870548248 0
1764858449971 0.2331424206495285 1
1764858450037 0.22100578248500824 2
1764858450105 0.20967835187911987 3
1764858450173 0.19906625151634216 4
1764858450231 0.18908318877220154 5
1764858450287 0.17965300381183624 6
1764858450342 0.17070893943309784 7
1764858450397 0.16219381988048553 8
1764858450456 0.15405966341495514 9
1764858450518 0.14626692235469818 10
1764858450575 0.13878357410430908 11
1764858450633 0.13158436119556427 12
1764858450691 0.12465009093284607 13
1764858450750 0.11796742677688599 14
1764858450804 0.11152874678373337 15
1764858450857 0.10533227771520615 16
1764858450909 0.0993824452161789 17
1764858450960 0.09369021654129028 18
1764858451010 0.08827342092990875 19
1764858451067 0.0831572636961937 20
1764858451121 0.0783744752407074 21
1764858451174 0.07396534085273743 22
1764858451227 0.06997733563184738 23
1764858451278 0.06646391749382019 24
1764858451332 0.0634821206331253 25
1764858451384 0.061088286340236664 26
1764858451436 0.05933098867535591 27
1764858451487 0.05824019014835358 28
1764858451538 0.05781196802854538 29
1764858451594 0.05799008533358574 30
1764858451647 0.05865005403757095 31
1764858451698 0.05959852784872055 32
1764858451751 0.06060193479061127 33
1764858451802 0.06144067272543907 34
1764858451859 0.06196140497922897 35
1764858451915 0.062101710587739944 36
1764858451967 0.061882954090833664 37
1764858452020 0.06138403341174126 38
1764858452072 0.060710400342941284 39
1764858452130 0.05996810644865036 40
1764858452182 0.059246499091386795 41
1764858452233 0.058609750121831894 42
1764858452285 0.058095354586839676 43
1764858452339 0.057717159390449524 44
1764858452394 0.05747080221772194 45
1764858452449 0.05733966454863548 46
1764858452507 0.057300370186567307 47
1764858452564 0.05732725188136101 48
1764858452620 0.05739549174904823 49
1764858452681 0.05748315528035164 50
1764858452736 0.05757233500480652 51
1764858452791 0.057649511843919754 52
1764858452847 0.05770550295710564 53
1764858452903 0.057735081762075424 54
1764858452958 0.05773650482296944 55
1764858453008 0.05771079659461975 56
1764858453066 0.05766117945313454 57
1764858453134 0.05759241804480553 58
1764858453201 0.057510241866111755 59
1764858453261 0.05742074176669121 60
1764858453319 0.05732985958456993 61
1764858453374 0.05724302679300308 62
1764858453429 0.05716465786099434 63
1764858453483 0.05709805712103844 64
1764858453541 0.057045094668865204 65
1764858453603 0.05700631067156792 66
1764858453666 0.05698089674115181 67
1764858453727 0.056966956704854965 68
1764858453783 0.05696182698011398 69
1764858453847 0.056962352246046066 70
1764858453903 0.05696537345647812 71
1764858453952 0.05696798861026764 72
1764858454005 0.056967880576848984 73
1764858454060 0.05696351081132889 74
1764858454114 0.05695413053035736 75
1764858454167 0.056939780712127686 76
1764858454218 0.05692114681005478 77
1764858454270 0.05689936876296997 78
1764858454322 0.05687578395009041 79
1764858454376 0.05685175582766533 80
1764858454430 0.05682850256562233 81
1764858454484 0.056806933134794235 82
1764858454538 0.056787654757499695 83
1764858454589 0.05677090957760811 84
1764858454645 0.05675661563873291 85
1764858454698 0.05674445629119873 86
1764858454749 0.05673396587371826 87
1764858454800 0.05672454833984375 88
1764858454853 0.05671567842364311 89
1764858454911 0.056706834584474564 90
1764858454965 0.05669763684272766 91
1764858455019 0.05668780580163002 92
1764858455074 0.056677233427762985 93
1764858455125 0.05666590854525566 94
1764858455182 0.0566539540886879 95
1764858455235 0.05664152652025223 96
1764858455289 0.05662884935736656 97
1764858455341 0.056616153568029404 98
1764858455395 0.05660361796617508 99
1764858449912 0.24618364870548248 0
