1765823650837 0.27456557750701904 0
1765823650921 0.2034202218055725 1
1765823651009 0.12591110169887543 2
1765823651089 0.21699532866477966 3
1765823651156 0.10223710536956787 4
1765823651221 0.11223790049552917 5
1765823651303 0.12374913692474365 6
1765823651381 0.1274520307779312 7
1765823651463 0.12421392649412155 8
1765823651540 0.11685789376497269 9
1765823651608 0.10833246260881424 10
1765823651679 0.10090873390436172 11
1765823651751 0.09759847074747086 12
1765823651831 0.09984758496284485 13
1765823651913 0.10298215597867966 14
1765823651997 0.10210808366537094 15
1765823652075 0.09893808513879776 16
1765823652142 0.09522578865289688 17
1765823652218 0.0920691043138504 18
1765823652298 0.08991573750972748 19
1765823652374 0.08900102227926254 20
1765823652453 0.08881216496229172 21
1765823652528 0.08876512944698334 22
1765823652600 0.0883595272898674 23
1765823652677 0.08716708421707153 24
1765823652753 0.08498523384332657 25
1765823652827 0.08343212306499481 26
1765823652908 0.08150557428598404 27
1765823652979 0.07931460440158844 28
1765823653041 0.07700388878583908 29
1765823653121 0.07487140595912933 30
1765823653197 0.07296314090490341 31
1765823653284 0.0716797485947609 32
1765823653363 0.0708870068192482 33
1765823653442 0.07022102177143097 34
1765823653528 0.06942198425531387 35
1765823653621 0.06810306012630463 36
1765823653702 0.06608669459819794 37
1765823653777 0.06360848248004913 38
1765823653862 0.06119858846068382 39
1765823653939 0.05936509743332863 40
1765823654010 0.058040205389261246 41
1765823654162 0.05702400207519531 42
1765823654244 0.056045401841402054 43
1765823654326 0.054768774658441544 44
1765823654397 0.053331196308135986 45
1765823654474 0.05264534428715706 46
1765823654547 0.053560398519039154 47
1765823654623 0.05475597456097603 48
1765823654700 0.054840337485075 49
1765823654768 0.05368237569928169 50
1765823654843 0.0526689775288105 51
1765823654925 0.05225813388824463 52
1765823654993 0.05207362025976181 53
1765823655071 0.051574595272541046 54
1765823655150 0.051007214933633804 55
1765823655225 0.05081412196159363 56
1765823655306 0.05092441663146019 57
1765823655368 0.05089108645915985 58
1765823655433 0.0503753162920475 59
1765823655510 0.049503643065690994 60
1765823655572 0.04867370054125786 61
1765823655647 0.04807279631495476 62
1765823655724 0.04781942069530487 63
1765823655804 0.04758859798312187 64
1765823655877 0.04733557999134064 65
1765823655956 0.04711887612938881 66
1765823656035 0.04697669297456741 67
1765823656111 0.0469038225710392 68
1765823656187 0.04681616276502609 69
1765823656279 0.046610698103904724 70
1765823656369 0.04643264412879944 71
1765823656464 0.046207450330257416 72
1765823656557 0.04597342386841774 73
1765823656652 0.04574669525027275 74
1765823656742 0.04554025083780289 75
1765823656839 0.04534738510847092 76
1765823656933 0.045175716280937195 77
1765823657014 0.04501650854945183 78
1765823657087 0.0448712594807148 79
1765823657168 0.0447440966963768 80
1765823657258 0.044633153825998306 81
1765823657331 0.04458494111895561 82
1765823657402 0.04454340785741806 83
1765823657484 0.044504906982183456 84
1765823657576 0.04446529969573021 85
1765823657665 0.04442398250102997 86
1765823657758 0.04437565058469772 87
1765823657853 0.044315602630376816 88
1765823657941 0.044243182986974716 89
1765823658028 0.0441596582531929 90
1765823658099 0.04406889155507088 91
1765823658173 0.04397201910614967 92
1765823658249 0.04392276704311371 93
1765823658330 0.04387414827942848 94
1765823658391 0.043826136738061905 95
1765823658463 0.043779756873846054 96
1765823658526 0.0437345951795578 97
1765823658610 0.043691135942935944 98
1765823658681 0.043649423867464066 99
1765823658761 0.04360901936888695 100
1765823658844 0.043569982051849365 101
1765823658924 0.04353276267647743 102
1765823659001 0.04349716380238533 103
1765823659075 0.043479952961206436 104
1765823659165 0.04346326366066933 105
1765823659250 0.04344700649380684 106
1765823659321 0.043431080877780914 107
1765823659406 0.0434153750538826 108
1765823659483 0.043399885296821594 109
1765823659572 0.043384578078985214 110
1765823659647 0.04336921125650406 111
1765823659733 0.043353691697120667 112
1765823659811 0.043337926268577576 113
1765823659891 0.04332184046506882 114
1765823659953 0.043313607573509216 115
1765823660032 0.04330524802207947 116
1765823660113 0.043296705931425095 117
1765823660187 0.043287962675094604 118
1765823660268 0.0432790070772171 119
1765823660347 0.04326985403895378 120
1765823660424 0.043260496109724045 121
1765823660492 0.04325097054243088 122
1765823660563 0.04324132576584816 123
1765823660652 0.04323151335120201 124
1765823660753 0.04322156310081482 125
1765823660848 0.04321650043129921 126
1765823660952 0.043211374431848526 127
1765823661057 0.04320618137717247 128
1765823661156 0.04320092126727104 129
1765823661273 0.04319560155272484 130
1765823661362 0.04319022595882416 131
1765823661542 0.043184805661439896 132
1765823661648 0.04317934066057205 133
1765823661728 0.04317382350564003 134
1765823661812 0.04316827282309532 135
1765823661906 0.043162692338228226 136
1765823661990 0.043159883469343185 137
1765823662079 0.04315706714987755 138
1765823662172 0.04315423220396042 139
1765823662264 0.043151386082172394 140
1765823662347 0.04314853250980377 141
1765823662429 0.04314565658569336 142
1765823662503 0.043142788112163544 143
1765823662584 0.04313989728689194 144
1765823662665 0.04313700646162033 145
1765823662748 0.043134115636348724 146
1765823662825 0.04313121736049652 147
1765823662908 0.04312976822257042 148
1765823662986 0.04312831535935402 149
1765823663069 0.04312685504555702 150
1765823663146 0.04312540218234062 151
1765823663226 0.04312393441796303 152
1765823663302 0.043122462928295135 153
1765823663378 0.04312099516391754 154
1765823663458 0.04311952367424965 155
1765823663538 0.04311804473400116 156
1765823663616 0.04311656951904297 157
1765823663703 0.04311508312821388 158
1765823650837 0.27456557750701904 0
