1765823650816 0.09482501447200775 0
1765823650901 0.0549929216504097 1
1765823650984 0.02317257784307003 2
1765823651071 0.05671276897192001 3
1765823651138 0.016356972977519035 4
1765823651201 0.018806224688887596 5
1765823651282 0.022466372698545456 6
1765823651363 0.02365432307124138 7
1765823651442 0.02259243279695511 8
1765823651519 0.02025255747139454 9
1765823651591 0.01756667159497738 10
1765823651659 0.015462835319340229 11
1765823651733 0.014779101125895977 12
1765823651814 0.015701767057180405 13
1765823651892 0.016758590936660767 14
1765823651975 0.016463810577988625 15
1765823652056 0.015467554330825806 16
1765823652123 0.014248901046812534 17
1765823652199 0.01320775505155325 18
1765823652280 0.01252529863268137 19
1765823652355 0.012188787572085857 20
1765823652434 0.012074937112629414 21
1765823652509 0.012026408687233925 22
1765823652582 0.01190144568681717 23
1765823652658 0.01159560028463602 24
1765823652736 0.011053632013499737 25
1765823652808 0.010672009550035 26
1765823652890 0.01020677387714386 27
1765823652960 0.009692969731986523 28
1765823653022 0.009173627011477947 29
1765823653101 0.00869495514780283 30
1765823653178 0.008298950269818306 31
1765823653263 0.008011944591999054 32
1765823653345 0.007829399779438972 33
1765823653420 0.007703052833676338 34
1765823653504 0.007547046523541212 35
1765823653597 0.007276360411196947 36
1765823653682 0.0068638683296740055 37
1765823653758 0.006368240341544151 38
1765823653839 0.0058985487557947636 39
1765823653917 0.005547006614506245 40
1765823653988 0.005335601512342691 41
1765823654140 0.00520895654335618 42
1765823654226 0.005077703855931759 43
1765823654304 0.004875946789979935 44
1765823654380 0.004624492954462767 45
1765823654455 0.004441252909600735 46
1765823654527 0.004455095622688532 47
1765823654604 0.004587807226926088 48
1765823654682 0.00458629010245204 49
1765823654750 0.004449102096259594 50
1765823654821 0.00437086122110486 51
1765823654905 0.004396799020469189 52
1765823654974 0.004401243291795254 53
1765823655051 0.004301899578422308 54
1765823655130 0.004149206448346376 55
1765823655207 0.004038913641124964 56
1765823655286 0.003996083978563547 57
1765823655349 0.003962954040616751 58
1765823655415 0.0038897155318409204 59
1765823655493 0.003792968112975359 60
1765823655552 0.003716825507581234 61
1765823655630 0.0036770582664757967 62
1765823655706 0.003654750296846032 63
1765823655786 0.003624530043452978 64
1765823655855 0.0035781334154307842 65
1765823655936 0.0035261723678559065 66
1765823656017 0.003483323147520423 67
1765823656094 0.0034535331651568413 68
1765823656168 0.00342724472284317 69
1765823656257 0.00339260371401906 70
1765823656348 0.003369629615917802 71
1765823656439 0.00334330927580595 72
1765823656534 0.003317201044410467 73
1765823656629 0.003294114489108324 74
1765823656720 0.0032744272612035275 75
1765823656812 0.0032568725291639566 76
1765823656909 0.0032391624990850687 77
1765823656993 0.0032195094972848892 78
1765823657068 0.0031974089797586203 79
1765823657148 0.0031738923862576485 80
1765823657228 0.0031506349332630634 81
1765823657312 0.003139553824439645 82
1765823657385 0.0031289877369999886 83
1765823657460 0.0031189611181616783 84
1765823657552 0.00310934754088521 85
1765823657640 0.003099936991930008 86
1765823657731 0.00309054646641016 87
1765823657829 0.003080999478697777 88
1765823657921 0.003071213373914361 89
1765823658004 0.0030612554401159286 90
1765823658081 0.0030512455850839615 91
1765823658153 0.003041311400011182 92
1765823658228 0.003036418929696083 93
1765823658311 0.0030315653420984745 94
1765823658373 0.0030267578549683094 95
1765823658445 0.0030219960026443005 96
1765823658508 0.0030172604601830244 97
1765823658589 0.0030125370249152184 98
1765823658661 0.0030078075360506773 99
1765823658741 0.00300305662676692 100
1765823658825 0.0029982756823301315 101
1765823658905 0.002993458416312933 102
1765823658982 0.002988602267578244 103
1765823659055 0.0029861554503440857 104
1765823659140 0.0029836909379810095 105
1765823659231 0.0029812122229486704 106
1765823659303 0.0029787200037389994 107
1765823659383 0.002976216608658433 108
1765823659462 0.0029737045988440514 109
1765823659550 0.002971184439957142 110
1765823659628 0.002968659158796072 111
1765823659708 0.002966128522530198 112
1765823659793 0.002963593229651451 113
1765823659870 0.002961051883175969 114
1765823659935 0.002959778066724539 115
1765823660013 0.0029585000593215227 116
1765823660095 0.0029572173953056335 117
1765823660165 0.0029559298418462276 118
1765823660246 0.002954638097435236 119
1765823660328 0.002953341230750084 120
1765823660405 0.002952039474621415 121
1765823660473 0.0029507363215088844 122
1765823660543 0.0029494301415979862 123
1765823660628 0.0029481190722435713 124
1765823660728 0.0029468038119375706 125
1765823660822 0.002946143504232168 126
1765823660923 0.002945481101050973 127
1765823661029 0.002944816602393985 128
1765823661126 0.002944149309769273 129
1765823661246 0.0029434801544994116 130
1765823661338 0.0029428082052618265 131
1765823661514 0.0029421341605484486 132
1765823661618 0.0029414582531899214 133
1765823661709 0.0029407795518636703 134
1765823661791 0.0029400992207229137 135
1765823661882 0.0029394160956144333 136
1765823661966 0.002939073834568262 137
1765823662055 0.0029387304093688726 138
1765823662149 0.0029383853543549776 139
1765823662240 0.0029380396008491516 140
1765823662327 0.0029376931488513947 141
1765823662407 0.002937345067039132 142
1765823662481 0.002936996053904295 143
1765823662565 0.002936646109446883 144
1765823662642 0.0029362947680056095 145
1765823662727 0.002935942495241761 146
1765823662803 0.002935589523985982 147
1765823662887 0.0029354121070355177 148
1765823662969 0.00293523445725441 149
1765823663050 0.002935056108981371 150
1765823663126 0.0029348772950470448 151
1765823663205 0.002934698248282075 152
1765823663284 0.0029345189686864614 153
1765823663361 0.002934338292106986 154
1765823663438 0.0029341576155275106 155
1765823663519 0.0029339762404561043 156
1765823663598 0.0029337943997234106 157
1765823663678 0.002933612558990717 158
1765823650816 0.09482501447200775 0
