1765823650827 0.3079366981983185 0
1765823650911 0.23450569808483124 1
1765823650999 0.15222541987895966 2
1765823651081 0.2381444275379181 3
1765823651148 0.12789438664913177 4
1765823651211 0.13713578879833221 5
1765823651293 0.14988785982131958 6
1765823651373 0.1537996232509613 7
1765823651453 0.1503077894449234 8
1765823651531 0.1423114836215973 9
1765823651600 0.1325393170118332 10
1765823651670 0.12434964627027512 11
1765823651742 0.12156932801008224 12
1765823651823 0.12530669569969177 13
1765823651903 0.12945497035980225 14
1765823651986 0.1283113807439804 15
1765823652065 0.12436862289905548 16
1765823652133 0.11936876177787781 17
1765823652209 0.11492499709129333 18
1765823652290 0.11191648244857788 19
1765823652365 0.11040284484624863 20
1765823652445 0.10988602042198181 21
1765823652518 0.10966498404741287 22
1765823652591 0.10909374803304672 23
1765823652669 0.10768286883831024 24
1765823652745 0.10513625293970108 25
1765823652818 0.10330542176961899 26
1765823652900 0.10102857649326324 27
1765823652970 0.09845288097858429 28
1765823653032 0.09577905386686325 29
1765823653111 0.09324674308300018 30
1765823653188 0.09109857678413391 31
1765823653273 0.08950946480035782 32
1765823653355 0.08848389238119125 33
1765823653431 0.08776703476905823 34
1765823653517 0.08687373995780945 35
1765823653609 0.08530158549547195 36
1765823653693 0.08284846693277359 37
1765823653768 0.07980125397443771 38
1765823653851 0.07680200785398483 39
1765823653928 0.07447823137044907 40
1765823653999 0.07304520159959793 41
1765823654152 0.0721731036901474 42
1765823654235 0.07125800848007202 43
1765823654316 0.06982798129320145 44
1765823654389 0.06800362467765808 45
1765823654466 0.06664272397756577 46
1765823654537 0.06674650311470032 47
1765823654614 0.06773335486650467 48
1765823654692 0.06772215664386749 49
1765823654759 0.06670159101486206 50
1765823654832 0.06611248850822449 51
1765823654915 0.06630836427211761 52
1765823654983 0.06634186953306198 53
1765823655062 0.06558886915445328 54
1765823655141 0.06441433727741241 55
1765823655216 0.06355244666337967 56
1765823655297 0.06321458518505096 57
1765823655359 0.06295199692249298 58
1765823655425 0.06236758455634117 59
1765823655502 0.061587076634168625 60
1765823655562 0.06096577271819115 61
1765823655639 0.060638751834630966 62
1765823655715 0.060454532504081726 63
1765823655796 0.060204070061445236 64
1765823655866 0.05981750041246414 65
1765823655947 0.05938158184289932 66
1765823656026 0.05901968479156494 67
1765823656103 0.058766767382621765 68
1765823656177 0.05854267254471779 69
1765823656268 0.05824606120586395 70
1765823656359 0.05804850906133652 71
1765823656451 0.057821355760097504 72
1765823656545 0.0575951486825943 73
1765823656641 0.05739437788724899 74
1765823656731 0.05722261220216751 75
1765823656824 0.05706901475787163 76
1765823656922 0.05691364035010338 77
1765823657003 0.05674071982502937 78
1765823657078 0.05654563754796982 79
1765823657158 0.05633730813860893 80
1765823657248 0.05613051727414131 81
1765823657321 0.0560317225754261 82
1765823657394 0.05593735724687576 83
1765823657473 0.0558476597070694 84
1765823657564 0.05576152354478836 85
1765823657651 0.055677078664302826 86
1765823657744 0.05559268221259117 87
1765823657842 0.05550675094127655 88
1765823657931 0.055418528616428375 89
1765823658017 0.0553286150097847 90
1765823658090 0.05523807927966118 91
1765823658163 0.055148087441921234 92
1765823658239 0.055103711783885956 93
1765823658321 0.05505965277552605 94
1765823658382 0.05501597747206688 95
1765823658454 0.05497268587350845 96
1765823658518 0.054929595440626144 97
1765823658600 0.0548865832388401 98
1765823658670 0.0548434816300869 99
1765823658751 0.05480015277862549 100
1765823658835 0.05475651100277901 101
1765823658915 0.054712507873773575 102
1765823658992 0.054668109863996506 103
1765823659064 0.05464572831988335 104
1765823659152 0.05462317168712616 105
1765823659240 0.05460047721862793 106
1765823659312 0.054577652364969254 107
1765823659395 0.054554712027311325 108
1765823659473 0.05453168600797653 109
1765823659562 0.054508570581674576 110
1765823659638 0.05448540300130844 111
1765823659720 0.05446217581629753 112
1765823659803 0.054438892751932144 113
1765823659882 0.05441554635763168 114
1765823659944 0.054403841495513916 115
1765823660023 0.054392095655202866 116
1765823660105 0.054380305111408234 117
1765823660176 0.05436846241354942 118
1765823660257 0.05435658246278763 119
1765823660338 0.05434465408325195 120
1765823660415 0.0543326735496521 121
1765823660483 0.05432068184018135 122
1765823660553 0.054308656603097916 123
1765823660640 0.0542965829372406 124
1765823660740 0.0542844720184803 125
1765823660836 0.05427838861942291 126
1765823660938 0.05427228659391403 127
1765823661044 0.05426616594195366 128
1765823661139 0.0542600154876709 129
1765823661260 0.054253850132226944 130
1765823661350 0.0542476549744606 131
1765823661529 0.054241444915533066 132
1765823661632 0.05423521250486374 133
1765823661720 0.05422895401716232 134
1765823661802 0.05422268062829971 135
1765823661894 0.054216381162405014 136
1765823661978 0.05421322584152222 137
1765823662068 0.054210059344768524 138
1765823662161 0.05420687422156334 139
1765823662253 0.054203685373067856 140
1765823662338 0.054200489073991776 141
1765823662418 0.0541972778737545 142
1765823662493 0.05419405922293663 143
1765823662574 0.054190829396247864 144
1765823662654 0.0541875883936882 145
1765823662738 0.05418433994054794 146
1765823662814 0.05418108031153679 147
1765823662898 0.054179444909095764 148
1765823662977 0.05417780578136444 149
1765823663060 0.05417615920305252 150
1765823663136 0.0541745088994503 151
1765823663215 0.054172854870557785 152
1765823663294 0.05417120084166527 153
1765823663370 0.05416953191161156 154
1765823663450 0.054167866706848145 155
1765823663530 0.05416619032621384 156
1765823663607 0.05416451394557953 157
1765823663691 0.05416283383965492 158
1765823650827 0.3079366981983185 0
