1765823974283 0.27366483211517334 0
1765823974405 0.1435183584690094 1
1765823974718 0.03600962087512016 2
1765823974867 0.03411231189966202 3
1765823975033 0.036414019763469696 4
1765823975149 0.018885541707277298 5
1765823975315 0.011436639353632927 6
1765823975498 0.02378636784851551 7
1765823975670 0.022381441667675972 8
1765823975790 0.012136739678680897 9
1765823975889 0.010175857692956924 10
1765823975978 0.01350373961031437 11
1765823976080 0.015614012256264687 12
1765823976170 0.014222145080566406 13
1765823976271 0.01232359278947115 14
1765823976400 0.010071955621242523 15
1765823976515 0.008368606679141521 16
1765823976619 0.00781736709177494 17
1765823976726 0.008391382172703743 18
1765823976831 0.009373371489346027 19
1765823976926 0.009785007685422897 20
1765823977037 0.00914154015481472 21
1765823977207 0.007786930073052645 22
1765823977367 0.006499194540083408 23
1765823977476 0.005851335357874632 24
1765823977620 0.005789643153548241 25
1765823977726 0.005817457567900419 26
1765823977862 0.00584249896928668 27
1765823977983 0.00578550947830081 28
1765823978090 0.005603443831205368 29
1765823978189 0.005300033371895552 30
1765823978287 0.004922301042824984 31
1765823978389 0.004544173367321491 32
1765823978485 0.004240016918629408 33
1765823978588 0.004054123070091009 34
1765823978687 0.003975395113229752 35
1765823978787 0.003934002015739679 36
1765823978897 0.003835354233160615 37
1765823979000 0.0036229027900844812 38
1765823979094 0.003325719153508544 39
1765823979180 0.003043076256290078 40
1765823979268 0.0028713522478938103 41
1765823979363 0.002828576136380434 42
1765823979469 0.002837558276951313 43
1765823979559 0.002792994724586606 44
1765823979658 0.0026671227533370256 45
1765823979776 0.0025521269999444485 46
1765823979881 0.0025676810182631016 47
1765823979974 0.0026825324166566133 48
1765823980050 0.0027162290643900633 49
1765823980142 0.0026321967598050833 50
1765823980238 0.002577153267338872 51
1765823980328 0.0026094778440892696 52
1765823980406 0.0026277590077370405 53
1765823980476 0.0025590143632143736 54
1765823980558 0.0024594811256974936 55
1765823980646 0.0024124502670019865 56
1765823980741 0.002406901679933071 57
1765823980852 0.0023964501451700926 58
1765823980970 0.002374371513724327 59
1765823981071 0.0023448257707059383 60
1765823981162 0.002317429054528475 61
1765823981249 0.00229908456094563 62
1765823981405 0.002289807889610529 63
1765823981494 0.0022843542974442244 64
1765823981579 0.002276941202580929 65
1765823981685 0.0022651541512459517 66
1765823981876 0.002250680699944496 67
1765823981999 0.0022434545680880547 68
1765823982123 0.0022368435747921467 69
1765823982248 0.002231394872069359 70
1765823982347 0.002227164339274168 71
1765823982430 0.00222376873716712 72
1765823982525 0.0022205845452845097 73
1765823982625 0.002217005006968975 74
1765823982725 0.002212661085650325 75
1765823982812 0.0022075078450143337 76
1765823982905 0.0022017948795109987 77
1765823982998 0.0021959226578474045 78
1765823983108 0.002193030435591936 79
1765823983202 0.0021902036387473345 80
1765823983293 0.002187480917200446 81
1765823983390 0.0021848692558705807 82
1765823983484 0.0021823463030159473 83
1765823983580 0.0021798729430884123 84
1765823983680 0.0021774021442979574 85
1765823983774 0.002174889435991645 86
1765823983872 0.0021723033860325813 87
1765823983972 0.002169629093259573 88
1765823984059 0.0021668686531484127 89
1765823984154 0.002165452344343066 90
1765823984248 0.002164006931707263 91
1765823984321 0.00216254242695868 92
1765823984416 0.0021610665135085583 93
1765823984515 0.002159588271752 94
1765823984601 0.002158114220947027 95
1765823984710 0.0021566483192145824 96
1765823984825 0.0021551933605223894 97
1765823984941 0.0021537491120398045 98
1765823985071 0.0021523137111216784 99
1765823985198 0.0021508848294615746 100
1765823985306 0.0021501712035387754 101
1765823985401 0.002149454550817609 102
1765823985483 0.0021487358026206493 103
1765823985580 0.0021480133291333914 104
1765823985682 0.002147287828847766 105
1765823985775 0.0021465574391186237 106
1765823985868 0.0021458237897604704 107
1765823985970 0.0021450859494507313 108
1765823986063 0.002144343452528119 109
1765823986148 0.0021435979288071394 110
1765823986231 0.0021428491454571486 111
1765823986314 0.0021424724254757166 112
1765823986400 0.0021420945413410664 113
1765823986487 0.0021417150273919106 114
1765823986562 0.002141334116458893 115
1765823986634 0.002140951342880726 116
1765823986725 0.0021405674051493406 117
1765823986818 0.002140182303264737 118
1765823986912 0.002139796270057559 119
1765823987007 0.0021394086070358753 120
1765823987091 0.0021390202455222607 121
1765823987167 0.0021386300213634968 122
1765823987246 0.0021384344436228275 123
1765823987336 0.0021382388658821583 124
1765823987430 0.002138041891157627 125
1765823987503 0.0021378446836024523 126
1765823987576 0.0021376467775553465 127
1765823987668 0.0021374481730163097 128
1765823987747 0.0021372493356466293 129
1765823987826 0.0021370493341237307 130
1765823987899 0.002136848634108901 131
1765823987976 0.0021366479340940714 132
1765823988059 0.002136446535587311 133
1765823988133 0.0021363452542573214 134
1765823988201 0.0021362444385886192 135
1765823988278 0.002136142225936055 136
1765823988359 0.002136040246114135 137
1765823988438 0.0021359382662922144 138
1765823988510 0.0021358351223170757 139
1765823988584 0.002135731978341937 140
1765823988663 0.002135629067197442 141
1765823988747 0.0021355249918997288 142
1765823988832 0.0021354216150939465 143
1765823988913 0.002135317074134946 144
1765823974283 0.27366483211517334 0
