1765823974299 0.5231298208236694 0
1765823974422 0.3788381814956665 1
1765823974737 0.18976201117038727 2
1765823974884 0.18469518423080444 3
1765823975049 0.19082458317279816 4
1765823975163 0.13742467761039734 5
1765823975335 0.10694222152233124 6
1765823975515 0.1542282998561859 7
1765823975694 0.14960429072380066 8
1765823975807 0.11016687005758286 9
1765823975902 0.10087545961141586 10
1765823975992 0.116205595433712 11
1765823976092 0.12495604157447815 12
1765823976182 0.1192566379904747 13
1765823976286 0.11101167649030685 14
1765823976416 0.10035913437604904 15
1765823976528 0.09148009121417999 16
1765823976634 0.08841587603092194 17
1765823976738 0.09160448610782623 18
1765823976842 0.09681617468595505 19
1765823976940 0.09891919791698456 20
1765823977053 0.09561140090227127 21
1765823977234 0.08824358135461807 22
1765823977382 0.08061758428812027 23
1765823977492 0.07649402320384979 24
1765823977634 0.07608970254659653 25
1765823977742 0.07627225667238235 26
1765823977879 0.07643624395132065 27
1765823977997 0.07606253772974014 28
1765823978103 0.07485615462064743 29
1765823978202 0.07280132919549942 30
1765823978301 0.07015911489725113 31
1765823978399 0.06741048395633698 32
1765823978497 0.06511541455984116 33
1765823978601 0.06367199867963791 34
1765823978700 0.06305073201656342 35
1765823978798 0.0627216249704361 36
1765823978910 0.06193023547530174 37
1765823979012 0.060190554708242416 38
1765823979103 0.05766904726624489 39
1765823979191 0.05516408383846283 40
1765823979280 0.0535850003361702 41
1765823979374 0.05318436026573181 42
1765823979482 0.053268738090991974 43
1765823979571 0.05284878984093666 44
1765823979672 0.05164419487118721 45
1765823979789 0.05051857978105545 46
1765823979894 0.05067228898406029 47
1765823979986 0.0517931692302227 48
1765823980062 0.05211745575070381 49
1765823980155 0.05130494013428688 50
1765823980250 0.05076567083597183 51
1765823980339 0.051083046942949295 52
1765823980416 0.051261670887470245 53
1765823980487 0.050586700439453125 54
1765823980569 0.04959315434098244 55
1765823980657 0.049116700887680054 56
1765823980757 0.04906018450856209 57
1765823980867 0.048953551799058914 58
1765823980984 0.048727523535490036 59
1765823981081 0.0484234020113945 60
1765823981172 0.04813968390226364 61
1765823981263 0.047948770225048065 62
1765823981419 0.047851938754320145 63
1765823981506 0.04779491946101189 64
1765823981591 0.04771730676293373 65
1765823981700 0.04759363457560539 66
1765823981892 0.04744134098291397 67
1765823982015 0.04736512154340744 68
1765823982137 0.047295279800891876 69
1765823982262 0.047237642109394073 70
1765823982360 0.04719284176826477 71
1765823982441 0.04715685173869133 72
1765823982537 0.047123078256845474 73
1765823982641 0.04708508402109146 74
1765823982737 0.047038931399583817 75
1765823982824 0.046984124928712845 76
1765823982915 0.04692328721284866 77
1765823983010 0.046860672533512115 78
1765823983118 0.04682980105280876 79
1765823983211 0.046799611300230026 80
1765823983306 0.04677051305770874 81
1765823983404 0.04674258455634117 82
1765823983495 0.046715591102838516 83
1765823983590 0.04668910801410675 84
1765823983691 0.04666264355182648 85
1765823983786 0.0466357097029686 86
1765823983883 0.04660797491669655 87
1765823983982 0.046579279005527496 88
1765823984071 0.046549636870622635 89
1765823984164 0.046534422785043716 90
1765823984259 0.04651888832449913 91
1765823984332 0.04650314524769783 92
1765823984429 0.046487271785736084 93
1765823984526 0.04647137224674225 94
1765823984614 0.0464555062353611 95
1765823984722 0.04643972963094711 96
1765823984840 0.04642406105995178 97
1765823984956 0.046408504247665405 98
1765823985085 0.04639303684234619 99
1765823985212 0.04637763276696205 100
1765823985318 0.04636994004249573 101
1765823985413 0.04636221006512642 102
1765823985495 0.04635445773601532 103
1765823985592 0.04634666442871094 104
1765823985695 0.04633883759379387 105
1765823985786 0.046330954879522324 106
1765823985881 0.04632303863763809 107
1765823985983 0.04631507396697998 108
1765823986073 0.04630705714225769 109
1765823986159 0.046299006789922714 110
1765823986243 0.04629091918468475 111
1765823986326 0.04628685116767883 112
1765823986412 0.04628276824951172 113
1765823986496 0.04627866670489311 114
1765823986572 0.04627455025911331 115
1765823986644 0.04627041518688202 116
1765823986736 0.04626626521348953 117
1765823986831 0.04626210406422615 118
1765823986924 0.04625793173909187 119
1765823987019 0.046253740787506104 120
1765823987101 0.04624954238533974 121
1765823987179 0.04624532535672188 122
1765823987258 0.04624320939183235 123
1765823987350 0.046241093426942825 124
1765823987441 0.046238966286182404 125
1765823987514 0.046236831694841385 126
1765823987588 0.04623469337821007 127
1765823987680 0.046232543885707855 128
1765823987758 0.04623039439320564 129
1765823987836 0.046228229999542236 130
1765823987910 0.04622606188058853 131
1765823987986 0.04622389003634453 132
1765823988070 0.04622171074151993 133
1765823988142 0.04622061550617218 134
1765823988211 0.04621952399611473 135
1765823988288 0.04621841758489609 136
1765823988370 0.04621731489896774 137
1765823988448 0.0462162122130394 138
1765823988520 0.04621509462594986 139
1765823988594 0.04621398076415062 140
1765823988673 0.04621286690235138 141
1765823988759 0.046211741864681244 142
1765823988842 0.04621062055230141 143
1765823988925 0.04620949178934097 144
1765823974299 0.5231298208236694 0
