1765823974314 0.49903392791748047 0
1765823974439 0.35207197070121765 1
1765823974754 0.17314183712005615 2
1765823974903 0.15497423708438873 3
1765823975065 0.16052857041358948 4
1765823975175 0.11220785975456238 5
1765823975355 0.08323591947555542 6
1765823975531 0.13393330574035645 7
1765823975710 0.1293935775756836 8
1765823975821 0.08666346967220306 9
1765823975912 0.07939282059669495 10
1765823976008 0.0938519686460495 11
1765823976104 0.10179901123046875 12
1765823976193 0.09686285257339478 13
1765823976299 0.08954086899757385 14
1765823976429 0.07998517155647278 15
1765823976540 0.07213470339775085 16
1765823976648 0.06942655891180038 17
1765823976750 0.07205560803413391 18
1765823976854 0.07761828601360321 19
1765823976954 0.08038569986820221 20
1765823977065 0.07740194350481033 21
1765823977284 0.07036479562520981 22
1765823977395 0.06376074254512787 23
1765823977509 0.06090492382645607 24
1765823977646 0.06063993275165558 25
1765823977756 0.06080047786235809 26
1765823977895 0.06097089499235153 27
1765823978008 0.060698144137859344 28
1765823978116 0.059794921427965164 29
1765823978215 0.05826951563358307 30
1765823978315 0.05631984770298004 31
1765823978409 0.0543527789413929 32
1765823978509 0.05282095447182655 33
1765823978615 0.0517120435833931 34
1765823978713 0.05141260847449303 35
1765823978810 0.05136919766664505 36
1765823978923 0.05089464411139488 37
1765823979024 0.049562547355890274 38
1765823979113 0.04759158939123154 39
1765823979202 0.04560457170009613 40
1765823979292 0.04422397539019585 41
1765823979388 0.04361153393983841 42
1765823979492 0.04343613237142563 43
1765823979583 0.04297427833080292 44
1765823979685 0.041932374238967896 45
1765823979801 0.040991127490997314 46
1765823979909 0.04127257317304611 47
1765823979998 0.042254384607076645 48
1765823980072 0.04246796667575836 49
1765823980167 0.0416109524667263 50
1765823980261 0.04082230105996132 51
1765823980350 0.0407261848449707 52
1765823980425 0.04078752547502518 53
1765823980497 0.04034852981567383 54
1765823980579 0.039823293685913086 55
1765823980670 0.039705418050289154 56
1765823980772 0.03976723179221153 57
1765823980883 0.03974449634552002 58
1765823980996 0.039571862667798996 59
1765823981092 0.03931418061256409 60
1765823981182 0.03906737267971039 61
1765823981274 0.03886763006448746 62
1765823981433 0.038771290332078934 63
1765823981517 0.038718197494745255 64
1765823981603 0.03866586089134216 65
1765823981752 0.038594234734773636 66
1765823981908 0.03851243108510971 67
1765823982029 0.03847331553697586 68
1765823982152 0.03844192624092102 69
1765823982275 0.03841506689786911 70
1765823982370 0.038394879549741745 71
1765823982451 0.03838372975587845 72
1765823982548 0.038369666785001755 73
1765823982656 0.03834562003612518 74
1765823982747 0.03830849751830101 75
1765823982835 0.038259293884038925 76
1765823982924 0.03820107877254486 77
1765823983024 0.03813716769218445 78
1765823983130 0.03810497373342514 79
1765823983222 0.03807378187775612 80
1765823983318 0.038044724613428116 81
1765823983415 0.038017746061086655 82
1765823983507 0.03799284249544144 83
1765823983603 0.037969112396240234 84
1765823983702 0.03794505447149277 85
1765823983797 0.03792063891887665 86
1765823983896 0.037896085530519485 87
1765823983993 0.03787118196487427 88
1765823984081 0.03784576803445816 89
1765823984175 0.0378328338265419 90
1765823984269 0.037819698452949524 91
1765823984344 0.03780641779303551 92
1765823984440 0.037793200463056564 93
1765823984536 0.03777987137436867 94
1765823984626 0.03776657581329346 95
1765823984738 0.037753861397504807 96
1765823984852 0.03774126619100571 97
1765823984971 0.037728551775217056 98
1765823985100 0.03771570697426796 99
1765823985224 0.037702713161706924 100
1765823985329 0.03769615292549133 101
1765823985423 0.037689510732889175 102
1765823985506 0.037682920694351196 103
1765823985603 0.03767622262239456 104
1765823985706 0.03766945004463196 105
1765823985796 0.037662576884031296 106
1765823985893 0.03765563666820526 107
1765823985996 0.03764861449599266 108
1765823986082 0.03764151781797409 109
1765823986169 0.03763440623879433 110
1765823986253 0.037627220153808594 111
1765823986336 0.03762358799576759 112
1765823986422 0.037619926035404205 113
1765823986507 0.03761623427271843 114
1765823986581 0.037612516433000565 115
1765823986654 0.03760877996683121 116
1765823986746 0.03760501369833946 117
1765823986841 0.037601228803396225 118
1765823986935 0.037597429007291794 119
1765823987029 0.03759361058473587 120
1765823987110 0.03758978098630905 121
1765823987190 0.03758593648672104 122
1765823987268 0.03758400306105614 123
1765823987364 0.03758207708597183 124
1765823987451 0.037580132484436035 125
1765823987522 0.03757818788290024 126
1765823987599 0.03757623955607414 127
1765823987690 0.03757428750395775 128
1765823987768 0.037572331726551056 129
1765823987845 0.037570368498563766 130
1765823987919 0.03756840154528618 131
1765823987995 0.037566449493169785 132
1765823988079 0.0375644825398922 133
1765823988151 0.0375635027885437 134
1765823988220 0.03756251558661461 135
1765823988299 0.03756152465939522 136
1765823988381 0.037560537457466125 137
1765823988458 0.037559546530246735 138
1765823988530 0.037558551877737045 139
1765823988603 0.03755755349993706 140
1765823988683 0.03755656257271767 141
1765823988769 0.03755555674433708 142
1765823988853 0.037554554641246796 143
1765823988937 0.03755354881286621 144
1765823974314 0.49903392791748047 0
