1765823557870 0.5420516133308411 0
1765823557974 0.49715712666511536 1
1765823558079 0.43036356568336487 2
1765823558177 0.3146941363811493 3
1765823558276 0.2569257915019989 4
1765823558384 0.29202035069465637 5
1765823558478 0.24357137084007263 6
1765823558570 0.2412915974855423 7
1765823558672 0.2567104995250702 8
1765823558770 0.2568274140357971 9
1765823558878 0.24484196305274963 10
1765823558989 0.23109614849090576 11
1765823559097 0.2258366197347641 12
1765823559205 0.22597670555114746 13
1765823559315 0.2240719050168991 14
1765823559425 0.21754583716392517 15
1765823559535 0.20580856502056122 16
1765823559632 0.1899089813232422 17
1765823559732 0.17368778586387634 18
1765823559822 0.1564239114522934 19
1765823559922 0.13329005241394043 20
1765823560025 0.11212654411792755 21
1765823560120 0.11205509305000305 22
1765823560223 0.11831557005643845 23
1765823560327 0.11620159447193146 24
1765823560434 0.11768504977226257 25
1765823560528 0.11570790410041809 26
1765823560623 0.10715370625257492 27
1765823560712 0.10420363396406174 28
1765823560807 0.0993562638759613 29
1765823560911 0.09258545190095901 30
1765823561021 0.08927907794713974 31
1765823561127 0.0879814401268959 32
1765823561230 0.0867096483707428 33
1765823561331 0.08531446754932404 34
1765823561438 0.08452443033456802 35
1765823561540 0.0835004672408104 36
1765823561635 0.08219287544488907 37
1765823561742 0.08057307451963425 38
1765823561845 0.0786728784441948 39
1765823561949 0.0765937939286232 40
1765823562042 0.07448149472475052 41
1765823562146 0.07247405499219894 42
1765823562262 0.07065751403570175 43
1765823562383 0.06904976814985275 44
1765823562507 0.06763025373220444 45
1765823562633 0.06698081642389297 46
1765823562767 0.06637033075094223 47
1765823562865 0.06581202894449234 48
1765823562969 0.06531951576471329 49
1765823563070 0.06489930301904678 50
1765823563178 0.06454606354236603 51
1765823563270 0.0642421767115593 52
1765823563373 0.06396426260471344 53
1765823563476 0.06369141489267349 54
1765823563579 0.0634114220738411 55
1765823563682 0.06312231719493866 56
1765823563783 0.06297436356544495 57
1765823563882 0.06282435357570648 58
1765823563988 0.06267496198415756 59
1765823564173 0.06252825260162354 60
1765823564278 0.06238528713583946 61
1765823564379 0.062246065586805344 62
1765823564479 0.06210982799530029 63
1765823564577 0.06197540462017059 64
1765823564677 0.06184172257781029 65
1765823564774 0.061708152294158936 66
1765823564879 0.06157468631863594 67
1765823564987 0.06150798127055168 68
1765823565075 0.061441294848918915 69
1765823565178 0.06137499213218689 70
1765823565280 0.06130944937467575 71
1765823565377 0.06124498322606087 72
1765823565481 0.061181891709566116 73
1765823565589 0.06112033501267433 74
1765823565688 0.06106039136648178 75
1765823565794 0.06100203096866608 76
1765823565898 0.06094514951109886 77
1765823566001 0.060889605432748795 78
1765823566104 0.060862280428409576 79
1765823566195 0.060835231095552444 80
1765823566297 0.060808416455984116 81
1765823566397 0.06078178063035011 82
1765823566495 0.060755301266908646 83
1765823566609 0.060728948563337326 84
1765823566725 0.06070270389318466 85
1765823566839 0.060676563531160355 86
1765823566955 0.06065051257610321 87
1765823567065 0.06062454357743263 88
1765823567166 0.06059867888689041 89
1765823567265 0.060585781931877136 90
1765823567365 0.060572899878025055 91
1765823567469 0.060560036450624466 92
1765823567576 0.06054718792438507 93
1765823567676 0.06053435429930687 94
1765823567775 0.060521528124809265 95
1765823567882 0.060508713126182556 96
1765823567987 0.06049591302871704 97
1765823568084 0.060483116656541824 98
1765823568184 0.0604703314602375 99
1765823568290 0.06045754626393318 100
1765823557870 0.5420516133308411 0
