1765823557881 0.4819531738758087 0
1765823557983 0.43317803740501404 1
1765823558088 0.37475576996803284 2
1765823558187 0.28161731362342834 3
1765823558287 0.2012675553560257 4
1765823558393 0.22668083012104034 5
1765823558488 0.1930161416530609 6
1765823558579 0.2011241912841797 7
1765823558681 0.22324562072753906 8
1765823558780 0.22377076745033264 9
1765823558889 0.2093161940574646 10
1765823558999 0.1895306259393692 11
1765823559107 0.18061572313308716 12
1765823559216 0.18053960800170898 13
1765823559326 0.17892961204051971 14
1765823559435 0.17415815591812134 15
1765823559543 0.16514728963375092 16
1765823559643 0.15217715501785278 17
1765823559742 0.13856738805770874 18
1765823559831 0.12598533928394318 19
1765823559931 0.10858329385519028 20
1765823560035 0.09385491907596588 21
1765823560128 0.0971878245472908 22
1765823560232 0.10121450573205948 23
1765823560338 0.09663853794336319 24
1765823560443 0.0977644994854927 25
1765823560537 0.09570225328207016 26
1765823560631 0.08765288442373276 27
1765823560721 0.08516385406255722 28
1765823560816 0.08191951364278793 29
1765823560921 0.07618938386440277 30
1765823561032 0.0732315182685852 31
1765823561135 0.07187559455633163 32
1765823561239 0.07030922919511795 33
1765823561342 0.06854934990406036 34
1765823561450 0.0676940530538559 35
1765823561550 0.06677822768688202 36
1765823561644 0.0657423734664917 37
1765823561750 0.06458979845046997 38
1765823561855 0.0633428767323494 39
1765823561957 0.062031447887420654 40
1765823562050 0.0606808066368103 41
1765823562155 0.059301089495420456 42
1765823562272 0.05790631100535393 43
1765823562395 0.0565267838537693 44
1765823562517 0.0551772341132164 45
1765823562647 0.05451340973377228 46
1765823562778 0.053861044347286224 47
1765823562874 0.05323885381221771 48
1765823562978 0.05270081385970116 49
1765823563080 0.05226888135075569 50
1765823563187 0.05195242539048195 51
1765823563279 0.05166734755039215 52
1765823563383 0.05139084905385971 53
1765823563484 0.051116958260536194 54
1765823563589 0.05083874985575676 55
1765823563692 0.0505535714328289 56
1765823563792 0.050409626215696335 57
1765823563891 0.05026378482580185 58
1765823563998 0.05011964216828346 59
1765823564182 0.04997583106160164 60
1765823564288 0.049834005534648895 61
1765823564388 0.049696702510118484 62
1765823564488 0.049565646797418594 63
1765823564586 0.049447886645793915 64
1765823564685 0.049337130039930344 65
1765823564784 0.04923447221517563 66
1765823564889 0.04913988336920738 67
1765823564996 0.049093976616859436 68
1765823565084 0.04904971644282341 69
1765823565189 0.04900715500116348 70
1765823565289 0.04896534979343414 71
1765823565386 0.04892449080944061 72
1765823565491 0.04888460040092468 73
1765823565597 0.048845063894987106 74
1765823565697 0.04880627617239952 75
1765823565804 0.04876774549484253 76
1765823565908 0.04872942343354225 77
1765823566010 0.04869258031249046 78
1765823566113 0.048674050718545914 79
1765823566206 0.04865548014640808 80
1765823566305 0.04863670468330383 81
1765823566406 0.04861783981323242 82
1765823566505 0.04859883710741997 83
1765823566621 0.04857958108186722 84
1765823566734 0.04856005683541298 85
1765823566849 0.048540305346250534 86
1765823566964 0.0485202930867672 87
1765823567075 0.04850006848573685 88
1765823567174 0.04847969487309456 89
1765823567275 0.04846948757767677 90
1765823567374 0.04845929890871048 91
1765823567480 0.04844902828335762 92
1765823567584 0.04843869432806969 93
1765823567685 0.048428282141685486 94
1765823567784 0.048417799174785614 95
1765823567892 0.048407260328531265 96
1765823567996 0.04839668795466423 97
1765823568094 0.04838606342673302 98
1765823568195 0.048375409096479416 99
1765823568299 0.04836471006274223 100
1765823557881 0.4819531738758087 0
