1765823557857 0.29381996393203735 0
1765823557965 0.24716520309448242 1
1765823558070 0.18521279096603394 2
1765823558168 0.09903240203857422 3
1765823558266 0.06601085513830185 4
1765823558374 0.08527588099241257 5
1765823558469 0.05932701379060745 6
1765823558561 0.058221638202667236 7
1765823558663 0.0659002736210823 8
1765823558761 0.06596032530069351 9
1765823558867 0.05994758382439613 10
1765823558978 0.05340542644262314 11
1765823559088 0.051002178341150284 12
1765823559194 0.05106547474861145 13
1765823559303 0.05020821839570999 14
1765823559414 0.04732619225978851 15
1765823559524 0.04235716536641121 16
1765823559621 0.036065421998500824 17
1765823559721 0.03016744554042816 18
1765823559813 0.0244684386998415 19
1765823559912 0.017766239121556282 20
1765823560016 0.012572362087666988 21
1765823560111 0.012556344270706177 22
1765823560212 0.013998573645949364 23
1765823560316 0.013502810150384903 24
1765823560425 0.013849771581590176 25
1765823560519 0.013388319872319698 26
1765823560614 0.011481916531920433 27
1765823560702 0.010858396999537945 28
1765823560797 0.009871667250990868 29
1765823560900 0.008572065271437168 30
1765823561010 0.00797075405716896 31
1765823561117 0.007740733213722706 32
1765823561221 0.00751856341958046 33
1765823561320 0.007278558798134327 34
1765823561428 0.007144379895180464 35
1765823561529 0.006972328294068575 36
1765823561625 0.0067556691356003284 37
1765823561731 0.006492020096629858 38
1765823561834 0.006189421284943819 39
1765823561939 0.005866609048098326 40
1765823562032 0.005547492764890194 41
1765823562137 0.005252488423138857 42
1765823562251 0.004992484115064144 43
1765823562370 0.004767870530486107 44
1765823562495 0.004573850892484188 45
1765823562619 0.004486429505050182 46
1765823562754 0.004405020736157894 47
1765823562857 0.004331223201006651 48
1765823562960 0.004266639240086079 49
1765823563062 0.0042119198478758335 50
1765823563169 0.00416619423776865 51
1765823563261 0.0041270568035542965 52
1765823563364 0.004091426730155945 53
1765823563465 0.004056596662849188 54
1765823563566 0.004021008498966694 55
1765823563672 0.0039844270795583725 56
1765823563774 0.003965770360082388 57
1765823563873 0.0039468989707529545 58
1765823563977 0.003928150981664658 59
1765823564162 0.0039097825065255165 60
1765823564267 0.0038919239304959774 61
1765823564370 0.0038745724596083164 62
1765823564470 0.0038576305378228426 63
1765823564567 0.0038409505505114794 64
1765823564667 0.003824398620054126 65
1765823564763 0.0038078962825238705 66
1765823564869 0.0037914421409368515 67
1765823564976 0.0037832316011190414 68
1765823565066 0.003775032702833414 69
1765823565167 0.0037668896839022636 70
1765823565271 0.00375884841196239 71
1765823565367 0.003750948002561927 72
1765823565469 0.0037432238459587097 73
1765823565579 0.003735695267096162 74
1765823565678 0.0037283713463693857 75
1765823565782 0.0037212478928267956 76
1765823565889 0.0037143114022910595 77
1765823565992 0.003707543946802616 78
1765823566093 0.0037042172625660896 79
1765823566185 0.0037009255029261112 80
1765823566280 0.003697663312777877 81
1765823566388 0.003694424871355295 82
1765823566485 0.0036912066861987114 83
1765823566597 0.003688005032017827 84
1765823566715 0.003684818046167493 85
1765823566829 0.0036816452629864216 86
1765823566945 0.0036784845869988203 87
1765823567053 0.0036753350868821144 88
1765823567156 0.0036721997894346714 89
1765823567257 0.003670636797323823 90
1765823567356 0.003669076133519411 91
1765823567458 0.0036675177980214357 92
1765823567567 0.0036659620236605406 93
1765823567667 0.0036644081119447947 94
1765823567765 0.003662855364382267 95
1765823567871 0.0036613044794648886 96
1765823567978 0.0036597554571926594 97
1765823568074 0.0036582075990736485 98
1765823568175 0.0036566611379384995 99
1765823568281 0.003655114909633994 100
1765823557857 0.29381996393203735 0
