1764859796620 0.27794015407562256 0
1764859796752 0.23525026440620422 1
1764859796928 0.19567032158374786 2
1764859797065 0.15895938873291016 3
1764859797174 0.12537412345409393 4
1764859797276 0.09591907262802124 5
1764859797383 0.0728340893983841 6
1764859797484 0.06004931405186653 7
1764859797590 0.06242566928267479 8
1764859797690 0.07703215628862381 9
1764859797791 0.08642196655273438 10
1764859797901 0.08400619775056839 11
1764859798011 0.07518459856510162 12
1764859798113 0.06624499708414078 13
1764859798216 0.06045651063323021 14
1764859798311 0.05830499529838562 15
1764859798410 0.058828555047512054 16
1764859798512 0.06072350963950157 17
1764859798604 0.06290371716022491 18
1764859798707 0.0646609514951706 19
1764859798808 0.06563642621040344 20
1764859798910 0.06573500484228134 21
1764859799039 0.06504075974225998 22
1764859799173 0.0637514516711235 23
1764859799281 0.06212983280420303 24
1764859799380 0.06046420708298683 25
1764859799481 0.059030137956142426 26
1764859799588 0.058048129081726074 27
1764859799689 0.05763861909508705 28
1764859799789 0.05778517574071884 29
1764859799887 0.0583261139690876 30
1764859799995 0.05899479240179062 31
1764859800093 0.05950883403420448 32
1764859800183 0.059673991054296494 33
1764859800298 0.05944901332259178 34
1764859800416 0.05893803760409355 35
1764859800557 0.05832327902317047 36
1764859800679 0.05778203904628754 37
1764859800795 0.05742821842432022 38
1764859800898 0.05729363113641739 39
1764859801003 0.05734182894229889 40
1764859801105 0.05749751254916191 41
1764859801196 0.057676929980516434 42
1764859801284 0.057810552418231964 43
1764859801387 0.05785590410232544 44
1764859801489 0.05780115723609924 45
1764859801585 0.057661958038806915 46
1764859801683 0.05747322738170624 47
1764859801775 0.05727840214967728 48
1764859801873 0.057117775082588196 49
1764859801980 0.05701827257871628 50
1764859802086 0.056986916810274124 51
1764859802177 0.057010211050510406 52
1764859802271 0.05705973133444786 53
1764859802431 0.05710272490978241 54
1764859802605 0.057113565504550934 55
1764859802730 0.05708184465765953 56
1764859802842 0.0570138581097126 57
1764859802954 0.05692771077156067 58
1764859803064 0.05684481933712959 59
1764859803175 0.05678177624940872 60
1764859803284 0.05674562603235245 61
1764859803384 0.0567333810031414 62
1764859803497 0.05673506110906601 63
1764859803592 0.05673825740814209 64
1764859803691 0.056732576340436935 65
1764859803791 0.05671254172921181 66
1764859803885 0.05667848140001297 67
1764859803984 0.05663546174764633 68
1764859804094 0.05659095570445061 69
1764859804241 0.056551966816186905 70
1764859804395 0.05652270466089249 71
1764859804508 0.05650345981121063 72
1764859804621 0.05649091303348541 73
1764859804720 0.05647984519600868 74
1764859804818 0.05646538361907005 75
1764859804917 0.05644478648900986 76
1764859805037 0.0564182810485363 77
1764859805200 0.05638846382498741 78
1764859805296 0.05635891482234001 79
1764859805402 0.05633259192109108 80
1764859805504 0.0563107430934906 81
1764859805608 0.05629267171025276 82
1764859805706 0.056276388466358185 83
1764859805801 0.056259557604789734 84
1764859805895 0.05624054744839668 85
1764859805999 0.05621892586350441 86
1764859806100 0.05619550123810768 87
1764859806204 0.05617176368832588 88
1764859806304 0.0561491884291172 89
1764859806409 0.05612856522202492 90
1764859806502 0.05610978230834007 91
1764859806605 0.056091953068971634 92
1764859806714 0.056073956191539764 93
1764859806813 0.05605496093630791 94
1764859806909 0.05603481084108353 95
1764859806999 0.05601399764418602 96
1764859807095 0.055993348360061646 97
1764859807206 0.05597352981567383 98
1764859807306 0.05595481023192406 99
1764859807439 0.05593692138791084 100
1764859807551 0.055919285863637924 101
1764859807639 0.055901385843753815 102
1764859807741 0.05588298663496971 103
1764859807837 0.05586427450180054 104
1764859807939 0.055845655500888824 105
1764859808031 0.05582756549119949 106
1764859808123 0.05581020936369896 107
1764859808232 0.055793456733226776 108
1764859808326 0.05577700585126877 109
1764859808430 0.055760595947504044 110
1764859808525 0.05574416741728783 111
1764859808631 0.05572792887687683 112
1764859808744 0.055712178349494934 113
1764859808830 0.05569711700081825 114
1764859808932 0.05568275973200798 115
1764859809025 0.055668920278549194 116
1764859809133 0.05565539374947548 117
1764859809233 0.05564213916659355 118
1764859809329 0.055629294365644455 119
1764859809437 0.05561705678701401 120
1764859809542 0.05560557544231415 121
1764859809640 0.05559481307864189 122
1764859809738 0.055584605783224106 123
1764859809846 0.05557483062148094 124
1764859809940 0.05556551739573479 125
1764859810036 0.0555567592382431 126
1764859810141 0.05554862692952156 127
1764859810239 0.05554104596376419 128
1764859810338 0.05553387850522995 129
1764859810443 0.0555269829928875 130
1764859810549 0.05552035570144653 131
1764859810655 0.05551403388381004 132
1764859810764 0.05550803244113922 133
1764859810872 0.055502232164144516 134
1764859810972 0.05549650639295578 135
1764859811069 0.055490802973508835 136
1764859811175 0.05548514425754547 137
1764859811273 0.05547955259680748 138
1764859811377 0.055473994463682175 139
1764859811484 0.055468399077653885 140
1764859811580 0.05546274408698082 141
1764859811681 0.05545707419514656 142
1764859811850 0.055451422929763794 143
1764859811954 0.05544579029083252 144
1764859812058 0.05544017255306244 145
1764859812158 0.05543455481529236 146
1764859812268 0.05542898178100586 147
1764859812363 0.05542348697781563 148
1764859812455 0.055418096482753754 149
1764859812571 0.055412765592336655 150
1764859812696 0.05540752783417702 151
1764859812800 0.05540239438414574 152
1764859812901 0.05539738014340401 153
1764859813001 0.05539247393608093 154
1764859813109 0.055387672036886215 155
1764859813196 0.05538296699523926 156
1764859813294 0.05537837743759155 157
1764859813392 0.0553738959133625 158
1764859813486 0.055369503796100616 159
1764859813601 0.05536520108580589 160
1764859813704 0.055360980331897736 161
1764859813804 0.05535685271024704 162
1764859813900 0.05535280704498291 163
1764859814003 0.05534883216023445 164
1764859814101 0.055344924330711365 165
1764859814198 0.05534109100699425 166
1764859814299 0.055337321013212204 167
1764859814415 0.05533361807465553 168
1764859814530 0.055329982191324234 169
1764859814660 0.055326398462057114 170
1764859814803 0.05532287806272507 171
1764859814921 0.05531943589448929 172
1764859815051 0.05531604588031769 173
1764859815186 0.055312711745500565 174
1764859815300 0.05530942603945732 175
1764859815402 0.055306222289800644 176
1764859815504 0.05530305951833725 177
1764859815604 0.05529996380209923 178
1764859815709 0.05529690906405449 179
1764859815812 0.055293917655944824 180
1764859815919 0.05529097467660904 181
1764859816008 0.05528808385133743 182
1764859816110 0.05528523400425911 183
1764859816210 0.055282436311244965 184
1764859816307 0.055279675871133804 185
1764859816412 0.055276963859796524 186
1764859816500 0.05527428537607193 187
1764859816599 0.055271655321121216 188
1764859816709 0.05526905134320259 189
1764859816814 0.05526649206876755 190
1764859816916 0.055263955146074295 191
1764859817015 0.055261459201574326 192
1764859817107 0.05525899678468704 193
1764859817217 0.05525656044483185 194
1764859817322 0.05525416135787964 195
1764859817424 0.05525178834795952 196
1764859817519 0.055249448865652084 197
1764859817623 0.05524713918566704 198
1764859817720 0.055244848132133484 199
1764859817820 0.05524259805679321 200
1764859817923 0.05524037033319473 201
1764859818017 0.05523817241191864 202
1764859818115 0.05523599684238434 203
1764859818203 0.05523385852575302 204
1764859818307 0.0552317351102829 205
1764859818408 0.05522964894771576 206
1764859818515 0.055227577686309814 207
1764859818610 0.055225543677806854 208
1764859818702 0.055223532021045685 209
1764859818812 0.055221546441316605 210
1764859818916 0.055219583213329315 211
1764859819017 0.055217642337083817 212
1764859819115 0.05521572753787041 213
1764859819212 0.05521383881568909 214
1764859819305 0.055211976170539856 215
1764859819401 0.05521013215184212 216
1764859819504 0.05520831421017647 217
1764859819612 0.055206526070833206 218
1764859819708 0.05520475655794144 219
1764859819810 0.05520300567150116 220
1764859819909 0.05520128086209297 221
1764859820000 0.05519958585500717 222
1764859820107 0.05519790202379227 223
1764859820210 0.05519625544548035 224
1764859820309 0.05519461631774902 225
1764859820412 0.055193010717630386 226
1764859820507 0.055191412568092346 227
1764859820605 0.05518984794616699 228
1764859820706 0.05518830567598343 229
1764859820814 0.05518677085638046 230
1764859820925 0.05518526956439018 231
1764859821021 0.0551837794482708 232
1764859821114 0.0551823191344738 233
1764859821208 0.0551808662712574 234
1764859821314 0.05517943575978279 235
1764859821412 0.05517802760004997 236
1764859821517 0.05517663061618805 237
1764859821611 0.05517525598406792 238
1764859821714 0.05517389252781868 239
1764859821821 0.05517255514860153 240
1764859821918 0.05517122521996498 241
1764859822014 0.05516991764307022 242
1764859822120 0.055168624967336655 243
1764859822223 0.05516735091805458 244
1764859822322 0.0551660880446434 245
1764859822422 0.05516483634710312 246
1764859822517 0.05516360327601433 247
1764859822620 0.05516238883137703 248
1764859822719 0.05516117811203003 249
1764859822817 0.05515998601913452 250
1764859822920 0.05515880510210991 251
1764859823015 0.05515763536095619 252
1764859823127 0.05515648424625397 253
1764859823244 0.05515533685684204 254
1764859823383 0.05515420436859131 255
1764859823490 0.05515308678150177 256
1764859823581 0.05515197664499283 257
1764859823678 0.055150870233774185 258
1764859823773 0.055149782449007034 259
1764859823883 0.05514870211482048 260
1764859823990 0.05514763668179512 261
1764859824081 0.05514657497406006 262
1764859824191 0.05514552816748619 263
1764859824289 0.05514448136091232 264
1764859824375 0.055143438279628754 265
1764859824471 0.055142417550086975 266
1764859824574 0.05514140427112579 267
1764859824675 0.05514039471745491 268
1764859824780 0.05513938143849373 269
1764859824884 0.05513838678598404 270
1764859824979 0.05513739958405495 271
1764859825069 0.055136412382125854 272
1764859825173 0.05513543635606766 273
1764859825286 0.055134471505880356 274
1764859825388 0.055133506655693054 275
1764859825481 0.05513254925608635 276
1764859825579 0.05513159558176994 277
1764859825684 0.055130649358034134 278
1764859825782 0.05512970685958862 279
1764859825899 0.05512876436114311 280
1764859826009 0.0551278293132782 281
1764859826128 0.05512690544128418 282
1764859826243 0.05512598156929016 283
1764859826355 0.05512505769729614 284
1764859826457 0.05512414872646332 285
1764859826557 0.055123236030340195 286
1764859826664 0.05512232705950737 287
1764859826769 0.055121421813964844 288
1764859826862 0.055120524019002914 289
1764859826966 0.055119626224040985 290
1764859827055 0.055118732154369354 291
1764859827149 0.05511783808469772 292
1764859827241 0.05511695146560669 293
1764859827340 0.055116068571805954 294
1764859827446 0.05511517822742462 295
1764859827543 0.055114295333623886 296
1764859827648 0.055113423615694046 297
1764859827745 0.05511254072189331 298
1764859827845 0.05511167272925377 299
1764859827949 0.05511080101132393 300
1764859828043 0.05510992929339409 301
1764859828152 0.05510905757546425 302
1764859828254 0.055108193308115005 303
1764859828351 0.055107325315475464 304
1764859828447 0.05510646104812622 305
1764859828546 0.05510559678077698 306
1764859828650 0.05510473623871803 307
1764859828754 0.055103883147239685 308
1764859828852 0.05510301887989044 309
1764859828954 0.0551021546125412 310
1764859829058 0.05510129779577255 311
1764859829164 0.055100444704294205 312
1764859829255 0.05509958788752556 313
1764859829352 0.055098727345466614 314
1764859829459 0.055097874253988266 315
1764859829556 0.05509702116250992 316
1764859829652 0.05509616807103157 317
1764859829756 0.055095307528972626 318
1764859829856 0.055094458162784576 319
1764859829962 0.05509360134601593 320
1764859830063 0.05509274825453758 321
1764859830165 0.055091891437768936 322
1764859830267 0.05509103462100029 323
1764859830372 0.05509018525481224 324
1764859830477 0.055089324712753296 325
1764859830580 0.05508847162127495 326
1764859830679 0.0550876185297966 327
1764859830779 0.055086761713027954 328
1764859830876 0.05508590489625931 329
1764859830987 0.05508504807949066 330
1764859831087 0.055084194988012314 331
1764859831187 0.05508332699537277 332
1764859831281 0.055082470178604126 333
1764859831384 0.05508161708712578 334
1764859831488 0.055080756545066833 335
1764859831585 0.05507989227771759 336
1764859831686 0.055079031735658646 337
1764859831780 0.0550781674683094 338
1764859831877 0.05507729947566986 339
1764859831979 0.055076442658901215 340
1764859832087 0.05507557466626167 341
1764859832187 0.05507471039891243 342
1764859832294 0.05507383495569229 343
1764859832387 0.05507296696305275 344
1764859832486 0.05507209897041321 345
1764859832584 0.05507122725248337 346
1764859832675 0.05507035553455353 347
1764859832766 0.05506948381662369 348
1764859832859 0.05506860092282295 349
1764859833032 0.05506772920489311 350
1764859833136 0.055066853761672974 351
1764859833236 0.05506597459316254 352
1764859833336 0.0550650991499424 353
1764859833436 0.05506421625614166 354
1764859833541 0.05506333336234093 355
1764859833637 0.05506245791912079 356
1764859833742 0.05506156384944916 357
1764859833844 0.05506068468093872 358
1764859833944 0.05505979806184769 359
1764859834048 0.055058907717466354 360
1764859834144 0.05505802109837532 361
1764859834241 0.05505712330341339 362
1764859834338 0.05505623668432236 363
1764859834443 0.055055346339941025 364
1764859834541 0.055054448544979095 365
1764859834641 0.055053554475307465 366
1764859834736 0.055052660405635834 367
1764859834840 0.055051762610673904 368
1764859834940 0.055050868541002274 369
1764859835044 0.05504996329545975 370
1764859835135 0.055049069225788116 371
1764859835244 0.05504816398024559 372
1764859835368 0.05504726991057396 373
1764859835477 0.055046357214450836 374
1764859835595 0.05504545196890831 375
1764859835705 0.055044542998075485 376
1764859835825 0.055043645203113556 377
1764859835937 0.05504273623228073 378
1764859836042 0.055041830986738205 379
1764859836145 0.05504091829061508 380
1764859836248 0.05504000559449196 381
1764859836342 0.05503910779953003 382
1764859836442 0.055038195103406906 383
1764859836551 0.05503728240728378 384
1764859836649 0.05503636971116066 385
1764859836745 0.05503545701503754 386
1764859836856 0.05503454804420471 387
1764859836962 0.05503363534808159 388
1764859837062 0.055032722651958466 389
1764859837170 0.055031806230545044 390
1764859837270 0.05503089725971222 391
1764859837383 0.0550299808382988 392
1764859837507 0.055029064416885376 393
1764859837630 0.05502815172076225 394
1764859837755 0.05502723902463913 395
1764859837869 0.05502631515264511 396
1764859837989 0.05502540245652199 397
1764859838120 0.055024489760398865 398
1764859838241 0.05502358078956604 399
1764859838368 0.05502266809344292 400
1764859838483 0.0550217479467392 401
1764859838597 0.05502083897590637 402
1764859838701 0.05501992627978325 403
1764859838806 0.05501900613307953 404
1764859838912 0.055018097162246704 405
1764859839035 0.05501718446612358 406
1764859839166 0.05501627177000046 407
1764859839280 0.05501536652445793 408
1764859839396 0.05501445382833481 409
1764859839534 0.055013541132211685 410
1764859839669 0.05501263588666916 411
1764859839814 0.05501173064112663 412
1764859839949 0.05501081794500351 413
1764859840068 0.05500991642475128 414
1764859840184 0.055009011179208755 415
1764859840299 0.05500810593366623 416
1764859840418 0.055007196962833405 417
1764859840531 0.05500629171729088 418
1764859840656 0.05500539019703865 419
1764859840772 0.05500449612736702 420
1764859840877 0.05500359833240509 421
1764859840999 0.05500269681215286 422
1764859841201 0.055001795291900635 423
1764859841346 0.055000901222229004 424
1764859841474 0.05500000715255737 425
1764859841602 0.05499911680817604 426
1764859841725 0.05499822273850441 427
1764859841836 0.054997336119413376 428
1764859841939 0.05499644577503204 429
1764859842048 0.05499556288123131 430
1764859842156 0.054994676262140274 431
1764859842258 0.05499379336833954 432
1764859842355 0.054992903023958206 433
1764859842452 0.05499202758073807 434
1764859842554 0.05499114468693733 435
1764859842654 0.054990265518426895 436
1764859842752 0.05498939007520676 437
1764859842854 0.05498851463198662 438
1764859842948 0.05498764291405678 439
1764859843047 0.05498677119612694 440
1764859843139 0.0549858957529068 441
1764859843238 0.05498502776026726 442
1764859843338 0.05498415604233742 443
1764859843444 0.05498329922556877 444
1764859843544 0.05498242750763893 445
1764859843649 0.05498156696557999 446
1764859843743 0.05498071014881134 447
1764859843851 0.054979849606752396 448
1764859843945 0.05497899651527405 449
1764859844050 0.054978128522634506 450
1764859844145 0.05497727543115616 451
1764859844242 0.05497641861438751 452
1764859844344 0.05497556924819946 453
1764859844452 0.054974716156721115 454
1764859844557 0.05497387424111366 455
1764859844652 0.054973021149635315 456
1764859844770 0.05497216805815697 457
1764859844894 0.05497132986783981 458
1764859845005 0.05497048422694206 459
1764859845106 0.05496964231133461 460
1764859845208 0.05496879294514656 461
1764859845303 0.05496795102953911 462
1764859845408 0.05496711656451225 463
1764859845536 0.0549662746489048 464
1764859845635 0.054965436458587646 465
1764859845739 0.054964590817689896 466
1764859845830 0.05496376007795334 467
1764859845933 0.05496292561292648 468
1764859846038 0.05496208742260933 469
1764859846157 0.05496125668287277 470
1764859846256 0.05496042221784592 471
1764859846368 0.05495958402752876 472
1764859846488 0.054958757013082504 473
1764859846601 0.05495791882276535 474
1764859846712 0.05495709553360939 475
1764859846828 0.05495625361800194 476
1764859846940 0.05495542287826538 477
1764859847038 0.054954592138528824 478
1764859847144 0.05495376139879227 479
1764859847237 0.05495292693376541 480
1764859847333 0.054952096194028854 481
1764859847443 0.0549512654542923 482
1764859847543 0.05495043471455574 483
1764859847633 0.05494960770010948 484
1764859847742 0.05494876950979233 485
1764859847856 0.05494793877005577 486
1764859847950 0.054947104305028915 487
1764859848044 0.05494627356529236 488
1764859848143 0.0549454391002655 489
1764859848242 0.05494460090994835 490
1764859848347 0.054943766444921494 491
1764859848456 0.054942935705184937 492
1764859848571 0.05494210124015808 493
1764859848703 0.05494125932455063 494
1764859848831 0.054940421134233475 495
1764859848947 0.05493957921862602 496
1764859849059 0.054938726127147675 497
1764859849174 0.05493789166212082 498
1764859849280 0.05493704974651337 499
1764859796620 0.27794015407562256 0
