1765823335074 0.18659012019634247 0
1765823335241 0.09726836532354355 1
1765823335393 0.017933854833245277 2
1765823335542 0.7818655967712402 3
1765823335699 0.014116018079221249 4
1765823335837 0.036746181547641754 5
1765823335965 0.06482111662626266 6
1765823336086 0.07832656055688858 7
1765823336210 0.08197781443595886 8
1765823336329 0.07920676469802856 9
1765823336451 0.07230442762374878 10
1765823336565 0.06259890645742416 11
1765823336686 0.050129059702157974 12
1765823336810 0.03552845120429993 13
1765823336941 0.020693836733698845 14
1765823337071 0.012408382259309292 15
1765823337206 0.01531181950122118 16
1765823337318 0.019228044897317886 17
1765823337431 0.018976926803588867 18
1765823337592 0.0161440446972847 19
1765823337727 0.013446751050651073 20
1765823337943 0.011992568150162697 21
1765823338066 0.011649159714579582 22
1765823338199 0.011919696815311909 23
1765823338322 0.012373458594083786 24
1765823338449 0.01273973286151886 25
1765823338565 0.012884441763162613 26
1765823338689 0.012827063910663128 27
1765823338820 0.012650447897613049 28
1765823338922 0.012376106344163418 29
1765823339056 0.012031789869070053 30
1765823339175 0.011648713611066341 31
1765823339288 0.011258931830525398 32
1765823339402 0.010892682708799839 33
1765823339532 0.01057555340230465 34
1765823339638 0.010325624607503414 35
1765823339767 0.010150945745408535 36
1765823339895 0.010047908872365952 37
1765823340022 0.010017224587500095 38
1765823340146 0.009992900304496288 39
1765823340264 0.009969336912035942 40
1765823340378 0.009941518306732178 41
1765823340496 0.009905457496643066 42
1765823340637 0.009858490899205208 43
1765823340774 0.009799416176974773 44
1765823340897 0.009728447534143925 45
1765823341012 0.009646990336477757 46
1765823341136 0.00955733098089695 47
1765823341277 0.009462237358093262 48
1765823341415 0.009412954561412334 49
1765823341557 0.009362402372062206 50
1765823341709 0.00931128952652216 51
1765823341825 0.009260227903723717 52
1765823341956 0.009209717623889446 53
1765823342082 0.009160125628113747 54
1765823342213 0.009111694991588593 55
1765823342364 0.00906454585492611 56
1765823342505 0.00901869498193264 57
1765823342655 0.00897405855357647 58
1765823342803 0.008930484764277935 59
1765823342959 0.00890898983925581 60
1765823343093 0.008887569420039654 61
1765823343218 0.008866175077855587 62
1765823343347 0.008844760246574879 63
1765823343460 0.008823275566101074 64
1765823343586 0.008801682852208614 65
1765823343704 0.008779944851994514 66
1765823343824 0.00875803455710411 67
1765823343957 0.008735925890505314 68
1765823344088 0.008713600225746632 69
1765823344199 0.008691047318279743 70
1765823344325 0.008679651655256748 71
1765823344456 0.008668139576911926 72
1765823344579 0.008656507357954979 73
1765823344687 0.00864475779235363 74
1765823344816 0.008632893674075603 75
1765823344936 0.008620917797088623 76
1765823345049 0.008608832955360413 77
1765823345182 0.008596643805503845 78
1765823345303 0.008584351278841496 79
1765823345425 0.008571958169341087 80
1765823345542 0.008559471927583218 81
1765823345659 0.008553181774914265 82
1765823345781 0.00854684878140688 83
1765823345898 0.008540471084415913 84
1765823346023 0.008534053340554237 85
1765823346146 0.008527594618499279 86
1765823346283 0.008521098643541336 87
1765823346390 0.00851456169039011 88
1765823346519 0.0085079874843359 89
1765823346650 0.008501376956701279 90
1765823346860 0.008494728244841099 91
1765823346973 0.008488046936690807 92
1765823347096 0.008484688587486744 93
1765823347215 0.008481310680508614 94
1765823347339 0.00847791787236929 95
1765823347445 0.008474507369101048 96
1765823347561 0.008471083827316761 97
1765823347690 0.008467638865113258 98
1765823347804 0.008464181795716286 99
1765823347927 0.00846070796251297 100
1765823348050 0.008457218296825886 101
1765823348174 0.008453712798655033 102
1765823348295 0.008450192399322987 103
1765823335074 0.18659012019634247 0
