1765823335096 0.41053086519241333 0
1765823335262 0.2872177064418793 1
1765823335410 0.10301747918128967 2
1765823335565 0.8800554275512695 3
1765823335723 0.09968573600053787 4
1765823335857 0.16238492727279663 5
1765823335986 0.2279808074235916 6
1765823336106 0.2535301744937897 7
1765823336228 0.2600107192993164 8
1765823336349 0.2550390362739563 9
1765823336468 0.2425282746553421 10
1765823336583 0.2234092652797699 11
1765823336706 0.19599074125289917 12
1765823336827 0.15767055749893188 13
1765823336960 0.11060428619384766 14
1765823337091 0.08990993350744247 15
1765823337225 0.10311315953731537 16
1765823337336 0.1173727959394455 17
1765823337456 0.1166302040219307 18
1765823337621 0.10661748796701431 19
1765823337751 0.0961725041270256 20
1765823337962 0.08966074883937836 21
1765823338090 0.08676785975694656 22
1765823338217 0.08629779517650604 23
1765823338339 0.08661668747663498 24
1765823338470 0.08695179969072342 25
1765823338586 0.08702833205461502 26
1765823338710 0.08680783957242966 27
1765823338840 0.08632767200469971 28
1765823338940 0.08565747737884521 29
1765823339076 0.08488941192626953 30
1765823339194 0.08409201353788376 31
1765823339306 0.08330553025007248 32
1765823339421 0.08253969997167587 33
1765823339552 0.08190623670816422 34
1765823339659 0.08151627331972122 35
1765823339785 0.08139752596616745 36
1765823339912 0.08146411180496216 37
1765823340044 0.0815524011850357 38
1765823340165 0.08161039650440216 39
1765823340283 0.08164026588201523 40
1765823340396 0.08162308484315872 41
1765823340519 0.08154694736003876 42
1765823340656 0.08140090107917786 43
1765823340794 0.08117501437664032 44
1765823340917 0.0808747261762619 45
1765823341030 0.0805063247680664 46
1765823341157 0.08007843792438507 47
1765823341299 0.07960677146911621 48
1765823341435 0.07935518026351929 49
1765823341586 0.07908833026885986 50
1765823341732 0.07881215959787369 51
1765823341847 0.07853206247091293 52
1765823341976 0.07825306057929993 53
1765823342099 0.07798048853874207 54
1765823342238 0.07771512120962143 55
1765823342387 0.07745271921157837 56
1765823342528 0.07719384133815765 57
1765823342679 0.0769374743103981 58
1765823342829 0.07668377459049225 59
1765823342984 0.07656019181013107 60
1765823343112 0.07643986493349075 61
1765823343239 0.07632223516702652 62
1765823343364 0.07620610296726227 63
1765823343477 0.07609168440103531 64
1765823343605 0.07597903907299042 65
1765823343725 0.07586771249771118 66
1765823343846 0.07575725764036179 67
1765823343975 0.07564768940210342 68
1765823344105 0.0755397230386734 69
1765823344218 0.07543222606182098 70
1765823344344 0.07537870854139328 71
1765823344474 0.0753253847360611 72
1765823344596 0.07527220249176025 73
1765823344704 0.07521913200616837 74
1765823344838 0.07516610622406006 75
1765823344954 0.07511311024427414 76
1765823345068 0.07506008446216583 77
1765823345203 0.07500699162483215 78
1765823345326 0.07495380938053131 79
1765823345442 0.07490049302577972 80
1765823345559 0.074847012758255 81
1765823345680 0.07482018321752548 82
1765823345798 0.07479328662157059 83
1765823345918 0.07476627081632614 84
1765823346041 0.07473916560411453 85
1765823346165 0.07471194118261337 86
1765823346304 0.07468460500240326 87
1765823346409 0.0746571347117424 88
1765823346536 0.0746295303106308 89
1765823346671 0.07460181415081024 90
1765823346877 0.07457403093576431 91
1765823346993 0.07454609125852585 92
1765823347113 0.07453209906816483 93
1765823347233 0.07451806217432022 94
1765823347357 0.07450395822525024 95
1765823347464 0.0744897723197937 96
1765823347581 0.07447551190853119 97
1765823347707 0.0744611844420433 98
1765823347822 0.07444677501916885 99
1765823347947 0.07443229109048843 100
1765823348068 0.07441771775484085 101
1765823348197 0.07440308481454849 102
1765823348312 0.07438836991786957 103
1765823335096 0.41053086519241333 0
