1765823335086 0.431960791349411 0
1765823335251 0.3118787705898285 1
1765823335402 0.13391734659671783 2
1765823335554 0.8842316269874573 3
1765823335712 0.11881084740161896 4
1765823335848 0.19169293344020844 5
1765823335976 0.254599928855896 6
1765823336096 0.27986884117126465 7
1765823336219 0.2863176763057709 8
1765823336339 0.281436949968338 9
1765823336460 0.26889482140541077 10
1765823336575 0.25019773840904236 11
1765823336696 0.22389519214630127 12
1765823336819 0.18848992884159088 13
1765823336951 0.14385353028774261 14
1765823337082 0.11139291524887085 15
1765823337217 0.12374093383550644 16
1765823337327 0.13866522908210754 17
1765823337442 0.13775676488876343 18
1765823337607 0.1270592212677002 19
1765823337737 0.11596012860536575 20
1765823337952 0.10951058566570282 21
1765823338078 0.10793127119541168 22
1765823338207 0.109177365899086 23
1765823338331 0.11123605072498322 24
1765823338460 0.11287042498588562 25
1765823338576 0.1135096549987793 26
1765823338700 0.11325662583112717 27
1765823338831 0.11247421056032181 28
1765823338932 0.1112479493021965 29
1765823339066 0.10968951880931854 30
1765823339185 0.10792920738458633 31
1765823339297 0.10610811412334442 32
1765823339412 0.10436801612377167 33
1765823339543 0.10283751040697098 34
1765823339650 0.10161507874727249 35
1765823339776 0.10075189918279648 36
1765823339904 0.10023925453424454 37
1765823340033 0.10008608549833298 38
1765823340155 0.09996449202299118 39
1765823340273 0.09984656423330307 40
1765823340387 0.09970716387033463 41
1765823340507 0.09952616691589355 42
1765823340647 0.09928993135690689 43
1765823340785 0.0989919975399971 44
1765823340908 0.09863289445638657 45
1765823341021 0.09821909666061401 46
1765823341147 0.0977616012096405 47
1765823341288 0.09727403521537781 48
1765823341426 0.09702038019895554 49
1765823341572 0.09675950556993484 50
1765823341720 0.09649502485990524 51
1765823341836 0.09623007476329803 52
1765823341966 0.09596727043390274 53
1765823342091 0.09570854157209396 54
1765823342224 0.09545519948005676 55
1765823342375 0.09520790725946426 56
1765823342517 0.09496680647134781 57
1765823342668 0.09473150968551636 58
1765823342816 0.09450124204158783 59
1765823342971 0.09438744187355042 60
1765823343103 0.09427390992641449 61
1765823343229 0.09416037052869797 62
1765823343356 0.09404658526182175 63
1765823343469 0.09393229335546494 64
1765823343596 0.09381728619337082 65
1765823343714 0.09370136260986328 66
1765823343835 0.09358437359333038 67
1765823343966 0.09346617758274078 68
1765823344097 0.09334667026996613 69
1765823344208 0.09322578459978104 70
1765823344335 0.09316464513540268 71
1765823344466 0.0931028425693512 72
1765823344588 0.0930403545498848 73
1765823344696 0.09297718852758408 74
1765823344827 0.09291336685419083 75
1765823344946 0.09284889698028564 76
1765823345059 0.09278379380702972 77
1765823345193 0.09271808713674545 78
1765823345315 0.09265177696943283 79
1765823345434 0.09258487075567245 80
1765823345551 0.0925174131989479 81
1765823345670 0.09248341619968414 82
1765823345790 0.09244916588068008 83
1765823345909 0.09241466969251633 84
1765823346033 0.09237994253635406 85
1765823346155 0.0923449769616127 86
1765823346294 0.09230979532003403 87
1765823346400 0.09227438271045685 88
1765823346528 0.09223875403404236 89
1765823346661 0.09220290929079056 90
1765823346869 0.09216684848070145 91
1765823346982 0.09213059395551682 92
1765823347105 0.09211236983537674 93
1765823347224 0.09209403395652771 94
1765823347349 0.09207560867071152 95
1765823347455 0.09205708652734756 96
1765823347570 0.09203848987817764 97
1765823347699 0.09201977401971817 98
1765823347813 0.09200099110603333 99
1765823347936 0.09198210388422012 100
1765823348059 0.09196313470602036 101
1765823348186 0.09194407612085342 102
1765823348304 0.09192492812871933 103
1765823335086 0.431960791349411 0
