1765823754866 0.5927309989929199 0
1765823755008 0.45175105333328247 1
1765823755146 0.36599859595298767 2
1765823755276 0.27737677097320557 3
1765823755418 0.31746596097946167 4
1765823755558 0.27557048201560974 5
1765823755703 0.2008817195892334 6
1765823755834 0.1491660177707672 7
1765823755967 0.1977139115333557 8
1765823756115 0.17478449642658234 9
1765823756254 0.12773777544498444 10
1765823756403 0.11966074258089066 11
1765823756599 0.12640585005283356 12
1765823756775 0.14161640405654907 13
1765823756956 0.11976473778486252 14
1765823757127 0.0746132880449295 15
1765823757290 0.07285453379154205 16
1765823757442 0.10422053933143616 17
1765823757589 0.10299546271562576 18
1765823757728 0.078742116689682 19
1765823757856 0.06658484041690826 20
1765823757994 0.07737754285335541 21
1765823758134 0.08130114525556564 22
1765823758273 0.07921978831291199 23
1765823758427 0.0724976658821106 24
1765823758562 0.06438785791397095 25
1765823758713 0.05961335450410843 26
1765823758866 0.06019173562526703 27
1765823758989 0.06314428895711899 28
1765823759134 0.06452964246273041 29
1765823759285 0.06211266294121742 30
1765823759423 0.05737786367535591 31
1765823759555 0.05422638729214668 32
1765823759698 0.05411207303404808 33
1765823759841 0.05662408471107483 34
1765823759990 0.0575033538043499 35
1765823760132 0.05532892793416977 36
1765823760278 0.05175090581178665 37
1765823760428 0.04919419437646866 38
1765823760567 0.04922384396195412 39
1765823760703 0.050153326243162155 40
1765823760847 0.05008465051651001 41
1765823760985 0.04851292818784714 42
1765823761121 0.04686657339334488 43
1765823761257 0.04670236259698868 44
1765823761379 0.047731105238199234 45
1765823761511 0.048469219356775284 46
1765823761659 0.047739800065755844 47
1765823761801 0.04598362743854523 48
1765823761942 0.04457830265164375 49
1765823762090 0.04417570307850838 50
1765823762245 0.04437337815761566 51
1765823762402 0.044258493930101395 52
1765823762556 0.0437333770096302 53
1765823762705 0.04344978928565979 54
1765823762857 0.043762993067502975 55
1765823763010 0.04424300789833069 56
1765823763250 0.04419361799955368 57
1765823763382 0.04351893439888954 58
1765823763514 0.04273723065853119 59
1765823763665 0.04231322929263115 60
1765823763805 0.042191263288259506 61
1765823763948 0.04201614484190941 62
1765823764095 0.04172823950648308 63
1765823764246 0.04161270335316658 64
1765823764411 0.0418083518743515 65
1765823764586 0.04204516112804413 66
1765823764786 0.041919056326150894 67
1765823764975 0.041396938264369965 68
1765823765148 0.040809933096170425 69
1765823765295 0.0404529832303524 70
1765823765429 0.04030277580022812 71
1765823765576 0.04015282541513443 72
1765823765706 0.04005657881498337 73
1765823765860 0.0401228629052639 74
1765823766008 0.04024752229452133 75
1765823766151 0.04013901948928833 76
1765823766294 0.0397518016397953 77
1765823766429 0.039347391575574875 78
1765823766567 0.0390942245721817 79
1765823766700 0.03892442584037781 80
1765823766824 0.03880768641829491 81
1765823766970 0.038755886256694794 82
1765823767107 0.038808275014162064 83
1765823767238 0.03878648951649666 84
1765823767377 0.03854117542505264 85
1765823767515 0.038210827857255936 86
1765823767651 0.037964895367622375 87
1765823767800 0.037781327962875366 88
1765823767973 0.03764292970299721 89
1765823768138 0.0375710092484951 90
1765823768304 0.037538278847932816 91
1765823768467 0.03744881972670555 92
1765823768619 0.03723887354135513 93
1765823768758 0.037013713270425797 94
1765823768891 0.0367993488907814 95
1765823769036 0.03661632910370827 96
1765823769188 0.03647161275148392 97
1765823769336 0.036357421427965164 98
1765823769465 0.03621820732951164 99
1765823769602 0.03601982444524765 100
1765823769751 0.035787615925073624 101
1765823769888 0.035560086369514465 102
1765823770016 0.03535608947277069 103
1765823770165 0.03517283871769905 104
1765823770307 0.0349862314760685 105
1765823770451 0.03476222604513168 106
1765823770594 0.03449470177292824 107
1765823770742 0.03421841561794281 108
1765823770884 0.0339757576584816 109
1765823771023 0.03375735878944397 110
1765823771163 0.03354189917445183 111
1765823771359 0.033281777054071426 112
1765823771527 0.032958850264549255 113
1765823771653 0.032627444714307785 114
1765823771786 0.03233005106449127 115
1765823771932 0.03204725682735443 116
1765823772169 0.031760916113853455 117
1765823772318 0.031428076326847076 118
1765823772443 0.031051339581608772 119
1765823772592 0.03067840076982975 120
1765823772718 0.030309153720736504 121
1765823772857 0.029934190213680267 122
1765823772999 0.029518865048885345 123
1765823773119 0.029109735041856766 124
1765823773250 0.028742263093590736 125
1765823773378 0.028384003788232803 126
1765823773504 0.02796069160103798 127
1765823773644 0.027556145563721657 128
1765823773794 0.027206772938370705 129
1765823773961 0.026792127639055252 130
1765823774131 0.02652500942349434 131
1765823774289 0.02623966708779335 132
1765823774447 0.025988493114709854 133
1765823774594 0.02582627721130848 134
1765823774749 0.025527531281113625 135
1765823775152 0.025841757655143738 136
1765823775364 0.025543639436364174 137
1765823775561 0.029638025909662247 138
1765823775738 0.0334191769361496 139
1765823775905 0.03180869296193123 140
1765823776066 0.02756216935813427 141
1765823776232 0.02590654045343399 142
1765823776392 0.028035739436745644 143
1765823776555 0.024485573172569275 144
1765823776697 0.028140932321548462 145
1765823776839 0.02709737792611122 146
1765823776983 0.02432975359261036 147
1765823777129 0.026076441630721092 148
1765823777266 0.024629388004541397 149
1765823777414 0.025019826367497444 150
1765823777555 0.026710184291005135 151
1765823777699 0.024745024740695953 152
1765823777849 0.024363379925489426 153
1765823777995 0.024849463254213333 154
1765823778157 0.02404501847922802 155
1765823778326 0.02496110275387764 156
1765823778494 0.02525997720658779 157
1765823778656 0.02397225610911846 158
1765823778804 0.02405214123427868 159
1765823778939 0.023983819410204887 160
1765823779087 0.023751117289066315 161
1765823779221 0.02449733205139637 162
1765823779392 0.02416416071355343 163
1765823779557 0.023480450734496117 164
1765823779721 0.023587215691804886 165
1765823779855 0.02335515059530735 166
1765823779992 0.023534977808594704 167
1765823780125 0.023866450414061546 168
1765823780262 0.023332009091973305 169
1765823780397 0.023097001016139984 170
1765823780543 0.02308131568133831 171
1765823780666 0.02300400845706463 172
1765823780813 0.023336399346590042 173
1765823780952 0.02317991852760315 174
1765823781104 0.022788070142269135 175
1765823781261 0.02274572104215622 176
1765823781409 0.02267025224864483 177
1765823781556 0.022881248965859413 178
1765823781708 0.022891705855727196 179
1765823781864 0.022554516792297363 180
1765823782007 0.02245520055294037 181
1765823782130 0.022411322221159935 182
1765823782273 0.022534238174557686 183
1765823782405 0.022575270384550095 184
1765823782555 0.02231406420469284 185
1765823782696 0.022210994735360146 186
1765823782847 0.02217232622206211 187
1765823782987 0.022246092557907104 188
1765823783129 0.02225620113313198 189
1765823783274 0.022063275799155235 190
1765823783430 0.021965129300951958 191
1765823783585 0.021937109529972076 192
1765823783734 0.02199411392211914 193
1765823783882 0.02195313386619091 194
1765823784021 0.02179619111120701 195
1765823784167 0.021716389805078506 196
1765823784307 0.021705685183405876 197
1765823784455 0.021746007725596428 198
1765823784585 0.0216550063341856 199
1765823784731 0.021519778296351433 200
1765823784883 0.021460000425577164 201
1765823785040 0.021473238244652748 202
1765823785238 0.021469559520483017 203
1765823785404 0.02134673483669758 204
1765823785566 0.021247638389468193 205
1765823785743 0.021222485229372978 206
1765823785947 0.021242208778858185 207
1765823786331 0.021182004362344742 208
1765823786520 0.021070605143904686 209
1765823786695 0.021015124395489693 210
1765823786898 0.021020689979195595 211
1765823787079 0.02100626565515995 212
1765823787229 0.020909009501338005 213
1765823787382 0.020828813314437866 214
1765823787530 0.02081521973013878 215
1765823787675 0.020816311240196228 216
1765823787833 0.020748035982251167 217
1765823787989 0.020660627633333206 218
1765823788145 0.020624997094273567 219
1765823788311 0.02062358148396015 220
1765823788472 0.020577317103743553 221
1765823788630 0.020491981878876686 222
1765823788778 0.020443083718419075 223
1765823788916 0.020436596125364304 224
1765823789045 0.02040431834757328 225
1765823789201 0.02032495103776455 226
1765823789333 0.020269725471735 227
1765823789478 0.02026134729385376 228
1765823789625 0.02023615688085556 229
1765823789768 0.0201664250344038 230
1765823789915 0.020112184807658195 231
1765823790042 0.020095830783247948 232
1765823790193 0.020070159807801247 233
1765823790316 0.020007558166980743 234
1765823790456 0.019956087693572044 235
1765823790589 0.019934941083192825 236
1765823790726 0.019906174391508102 237
1765823790846 0.019847169518470764 238
1765823790975 0.01979931816458702 239
1765823791114 0.019778281450271606 240
1765823791258 0.0197466928511858 241
1765823791385 0.019689859822392464 242
1765823791529 0.019648024812340736 243
1765823791673 0.01962684839963913 244
1765823791817 0.0195899810642004 245
1765823791955 0.01953679323196411 246
1765823792105 0.01950034871697426 247
1765823792234 0.019475866109132767 248
1765823792371 0.019433651119470596 249
1765823792492 0.019385244697332382 250
1765823792636 0.019354013726115227 251
1765823792773 0.019324934110045433 252
1765823792902 0.019278936088085175 253
1765823793043 0.019236532971262932 254
1765823793189 0.019207971170544624 255
1765823793332 0.019172651693224907 256
1765823793467 0.019127080217003822 257
1765823793602 0.019091863185167313 258
1765823793742 0.019062045961618423 259
1765823793871 0.019024014472961426 260
1765823794020 0.018985755741596222 261
1765823794171 0.0189550518989563 262
1765823794294 0.01892206259071827 263
1765823794437 0.018883466720581055 264
1765823794577 0.018850132822990417 265
1765823794714 0.018819691613316536 266
1765823794845 0.01878270134329796 267
1765823794983 0.01874685473740101 268
1765823795104 0.018717391416430473 269
1765823795263 0.018683595582842827 270
1765823795387 0.018646450713276863 271
1765823795529 0.01861504837870598 272
1765823795661 0.01858334243297577 273
1765823795807 0.01854824647307396 274
1765823795944 0.018517103046178818 275
1765823796074 0.018487270921468735 276
1765823796302 0.01845415309071541 277
1765823796450 0.018422026187181473 278
1765823796593 0.01839228719472885 279
1765823796731 0.018360115587711334 280
1765823796886 0.018328001722693443 281
1765823797017 0.01829826831817627 282
1765823797158 0.018266240134835243 283
1765823797308 0.018235081806778908 284
1765823797441 0.01820542849600315 285
1765823797582 0.018173884600400925 286
1765823797711 0.01814294047653675 287
1765823797849 0.01811223477125168 288
1765823797998 0.01808069832623005 289
1765823798123 0.01804972253739834 290
1765823798269 0.018019074574112892 291
1765823798400 0.01798841543495655 292
1765823798541 0.01795816794037819 293
1765823798690 0.017928462475538254 294
1765823798845 0.017898263409733772 295
1765823798993 0.017868753522634506 296
1765823799147 0.017839130014181137 297
1765823799309 0.01780960150063038 298
1765823799475 0.017780384048819542 299
1765823799632 0.01775144785642624 300
1765823799775 0.017722856253385544 301
1765823799906 0.01769503764808178 302
1765823800042 0.01766650378704071 303
1765823800168 0.017639102414250374 304
1765823800302 0.017611093819141388 305
1765823800444 0.017583858221769333 306
1765823800581 0.01755795069038868 307
1765823800720 0.01753099076449871 308
1765823800850 0.017503909766674042 309
1765823800985 0.017477601766586304 310
1765823801128 0.0174493920058012 311
1765823801243 0.017423370853066444 312
1765823801370 0.017396610230207443 313
1765823801517 0.017370175570249557 314
1765823801647 0.01734437234699726 315
1765823801789 0.017318297177553177 316
1765823801936 0.01729319989681244 317
1765823802063 0.017268754541873932 318
1765823802206 0.017243806272745132 319
1765823802347 0.017219461500644684 320
1765823802486 0.017194895073771477 321
1765823802624 0.017169944941997528 322
1765823802755 0.017145611345767975 323
1765823802909 0.01712040603160858 324
1765823803043 0.017096657305955887 325
1765823803174 0.01707124151289463 326
1765823803307 0.01704750768840313 327
1765823803446 0.017021220177412033 328
1765823803585 0.016997884958982468 329
1765823803726 0.016970163211226463 330
1765823803874 0.01694844663143158 331
1765823804015 0.01691797934472561 332
1765823804167 0.016902372241020203 333
1765823804302 0.016862086951732635 334
1765823804450 0.016880536451935768 335
1765823804600 0.016802703961730003 336
1765823804711 0.017005691304802895 337
1765823804843 0.016949079930782318 338
1765823804987 0.018572399392724037 339
1765823805123 0.020452121272683144 340
1765823805263 0.025688719004392624 341
1765823805414 0.02468576282262802 342
1765823805563 0.019022662192583084 343
1765823805711 0.018421128392219543 344
1765823805853 0.021774165332317352 345
1765823805984 0.018904905766248703 346
1765823806132 0.01792469434440136 347
1765823806344 0.0200230423361063 348
1765823806495 0.016899215057492256 349
1765823806648 0.01914670504629612 350
1765823806787 0.01914227567613125 351
1765823806910 0.01668495312333107 352
1765823807047 0.018512321636080742 353
1765823807178 0.016799185425043106 354
1765823807307 0.017980093136429787 355
1765823807440 0.018320893868803978 356
1765823807576 0.016552051529288292 357
1765823807714 0.017580021172761917 358
1765823807858 0.016764892265200615 359
1765823807984 0.01725167967379093 360
1765823808105 0.0177767276763916 361
1765823808242 0.016517695039510727 362
1765823808370 0.017037736251950264 363
1765823808513 0.016696643084287643 364
1765823808664 0.016838112846016884 365
1765823808806 0.017353208735585213 366
1765823808935 0.016520878300070763 367
1765823809081 0.016721650958061218 368
1765823809218 0.016582241281867027 369
1765823809349 0.016621708869934082 370
1765823809507 0.017021633684635162 371
1765823809671 0.016490647569298744 372
1765823809835 0.016523757949471474 373
1765823809994 0.016466103494167328 374
1765823810131 0.01650952361524105 375
1765823810269 0.016790971159934998 376
1765823810416 0.01643988862633705 377
1765823810553 0.016412297263741493 378
1765823810698 0.016379643231630325 379
1765823810853 0.01645275019109249 380
1765823810990 0.016620194539427757 381
1765823811123 0.016378747299313545 382
1765823811264 0.016350816935300827 383
1765823811403 0.01632136106491089 384
1765823811531 0.01641606166958809 385
1765823811670 0.016495347023010254 386
1765823811813 0.016326026991009712 387
1765823811950 0.016304083168506622 388
1765823812068 0.01628742925822735 389
1765823812202 0.01638505607843399 390
1765823812338 0.01639510691165924 391
1765823812467 0.01627892069518566 392
1765823812619 0.016262561082839966 393
1765823812759 0.01626954972743988 394
1765823812904 0.01634671725332737 395
1765823813042 0.016310805454850197 396
1765823813185 0.01623883843421936 397
1765823813329 0.016228970140218735 398
1765823813481 0.016253884881734848 399
1765823813629 0.016296783462166786 400
1765823813741 0.016244355589151382 401
1765823813881 0.016204064711928368 402
1765823814007 0.016201144084334373 403
1765823814146 0.016233796253800392 404
1765823814276 0.01623988151550293 405
1765823814399 0.01618819497525692 406
1765823814550 0.01617034152150154 407
1765823814686 0.0161744374781847 408
1765823814838 0.016202175989747047 409
1765823814983 0.01618073135614395 410
1765823815113 0.016145337373018265 411
1765823815253 0.016137100756168365 412
1765823815398 0.01615103706717491 413
1765823815557 0.016157202422618866 414
1765823815692 0.016125299036502838 415
1765823815823 0.016106756404042244 416
1765823815951 0.01610577665269375 417
1765823816186 0.016118621453642845 418
1765823816323 0.016104750335216522 419
1765823816438 0.016079209744930267 420
1765823816589 0.016070088371634483 421
1765823816733 0.016075247898697853 422
1765823816877 0.016075683757662773 423
1765823817017 0.0160538237541914 424
1765823817163 0.016038300469517708 425
1765823817330 0.016036320477724075 426
1765823817491 0.016040008515119553 427
1765823817628 0.016027070581912994 428
1765823817770 0.016008911654353142 429
1765823817900 0.016001518815755844 430
1765823818047 0.016002824530005455 431
1765823818187 0.015997136011719704 432
1765823818326 0.015981297940015793 433
1765823818465 0.015969911590218544 434
1765823818590 0.01596812903881073 435
1765823818722 0.01596522144973278 436
1765823818879 0.01595289632678032 437
1765823819004 0.01594015769660473 438
1765823819150 0.01593477837741375 439
1765823819284 0.015932677313685417 440
1765823819429 0.01592380739748478 441
1765823819566 0.01591118425130844 442
1765823819724 0.015903687104582787 443
1765823819887 0.015900632366538048 444
1765823820056 0.015893949195742607 445
1765823820219 0.01588241197168827 446
1765823820345 0.015873417258262634 447
1765823820492 0.01586887054145336 448
1765823820626 0.01586328260600567 449
1765823820773 0.015853438526391983 450
1765823820918 0.015844102948904037 451
1765823821061 0.015838228166103363 452
1765823821202 0.015832914039492607 453
1765823821348 0.015824224799871445 454
1765823821484 0.015814892947673798 455
1765823821631 0.015808099880814552 456
1765823821775 0.015802647918462753 457
1765823821915 0.01579461060464382 458
1765823822053 0.015785442665219307 459
1765823822207 0.015778351575136185 460
1765823822355 0.015772489830851555 461
1765823822524 0.01576506346464157 462
1765823822703 0.015756409615278244 463
1765823822871 0.015748953446745872 464
1765823823029 0.015742875635623932 465
1765823823142 0.015735778957605362 466
1765823823278 0.015727389603853226 467
1765823823416 0.015719793736934662 468
1765823823560 0.01571345329284668 469
1765823823701 0.015706483274698257 470
1765823823832 0.015698323026299477 471
1765823823974 0.015690619125962257 472
1765823824117 0.01568405143916607 473
1765823824249 0.01567712053656578 474
1765823824381 0.01566912978887558 475
1765823824506 0.015661556273698807 476
1765823824649 0.01565510593354702 477
1765823824794 0.015648318454623222 478
1765823824909 0.015640420839190483 479
1765823825062 0.015632936730980873 480
1765823825202 0.015626657754182816 481
1765823825356 0.01561998762190342 482
1765823825534 0.01561224739998579 483
1765823825753 0.015604907646775246 484
1765823825946 0.015598607249557972 485
1765823826134 0.01559195015579462 486
1765823826289 0.015584420412778854 487
1765823826412 0.01557733304798603 488
1765823826543 0.015570967458188534 489
1765823826691 0.01556425727903843 490
1765823826821 0.015556962229311466 491
1765823826950 0.01555005181580782 492
1765823827088 0.015543591231107712 493
1765823827214 0.015537097118794918 494
1765823827342 0.0155301783233881 495
1765823827487 0.01552360225468874 496
1765823827627 0.0155174620449543 497
1765823827763 0.01551100704818964 498
1765823827896 0.015504171140491962 499
1765823828053 0.015497634187340736 500
1765823828190 0.015491368249058723 501
1765823828338 0.015484864823520184 502
1765823828484 0.015478287823498249 503
1765823828623 0.015472178347408772 504
1765823828773 0.015466130338609219 505
1765823828909 0.015459754504263401 506
1765823829051 0.015453344210982323 507
1765823829211 0.01544740330427885 508
1765823829365 0.015441491268575191 509
1765823829511 0.015435105189681053 510
1765823829662 0.015428787097334862 511
1765823829818 0.015422883443534374 512
1765823829942 0.015416912734508514 513
1765823830091 0.015410667285323143 514
1765823830261 0.0154045931994915 515
1765823830420 0.015398755669593811 516
1765823830587 0.015392735600471497 517
1765823830723 0.01538668479770422 518
1765823830869 0.015380702912807465 519
1765823831028 0.015374810434877872 520
1765823831171 0.01536879688501358 521
1765823831311 0.01536273118108511 522
1765823831433 0.015357117168605328 523
1765823831574 0.015351538546383381 524
1765823831701 0.015345792286098003 525
1765823831845 0.015340061858296394 526
1765823831982 0.015334530733525753 527
1765823832123 0.01532893069088459 528
1765823832275 0.015323172323405743 529
1765823832417 0.015317484736442566 530
1765823832566 0.015311931259930134 531
1765823832700 0.015306261368095875 532
1765823832831 0.015300484374165535 533
1765823832971 0.015294890850782394 534
1765823833107 0.015289323404431343 535
1765823833247 0.015283619053661823 536
1765823833376 0.0152779845520854 537
1765823833515 0.015272552147507668 538
1765823833656 0.015267184935510159 539
1765823833796 0.015261751599609852 540
1765823833934 0.015256386250257492 541
1765823834072 0.015251049771904945 542
1765823834197 0.015245623886585236 543
1765823834338 0.015240171924233437 544
1765823834467 0.015234804712235928 545
1765823834599 0.015229454264044762 546
1765823834814 0.015224059112370014 547
1765823834959 0.015218691900372505 548
1765823835085 0.01521340198814869 549
1765823835232 0.015208065509796143 550
1765823835379 0.015202674083411694 551
1765823835518 0.015197431668639183 552
1765823835666 0.015192246995866299 553
1765823835810 0.015186948701739311 554
1765823835947 0.01518166158348322 555
1765823836092 0.015176596119999886 556
1765823836229 0.01517151203006506 557
1765823836374 0.015166386030614376 558
1765823836509 0.015161366201937199 559
1765823836644 0.01515642274171114 560
1765823836799 0.015151371248066425 561
1765823836947 0.015146272256970406 562
1765823837079 0.015141218900680542 563
1765823837224 0.015136145055294037 564
1765823837375 0.015131084248423576 565
1765823837497 0.015126273036003113 566
1765823837634 0.015121589414775372 567
1765823837782 0.015116856433451176 568
1765823837921 0.015112144872546196 569
1765823838065 0.015107473358511925 570
1765823838214 0.015102745965123177 571
1765823838353 0.015097971074283123 572
1765823838493 0.015093286521732807 573
1765823838621 0.015088655054569244 574
1765823838758 0.015083998441696167 575
1765823838903 0.01507933996617794 576
1765823839025 0.015074709430336952 577
1765823839175 0.015070091933012009 578
1765823839294 0.015065448358654976 579
1765823839436 0.01506082434207201 580
1765823839562 0.015056191943585873 581
1765823839689 0.015051518566906452 582
1765823839821 0.015046866610646248 583
1765823839956 0.015042303130030632 584
1765823840109 0.015037747099995613 585
1765823840255 0.01503316406160593 586
1765823840388 0.015028598718345165 587
1765823840506 0.015023994259536266 588
1765823840639 0.015019388869404793 589
1765823840777 0.015014849603176117 590
1765823840916 0.015010340139269829 591
1765823841055 0.015005807392299175 592
1765823841216 0.015001296997070312 593
1765823841389 0.014996855519711971 594
1765823841556 0.014992598444223404 595
1765823841726 0.014988542534410954 596
1765823841874 0.014984579756855965 597
1765823842011 0.014980636537075043 598
1765823842141 0.014976671896874905 599
1765823842284 0.014972759410738945 600
1765823842429 0.014968992210924625 601
1765823842584 0.01496521383523941 602
1765823842749 0.014961435459554195 603
1765823842899 0.014957643114030361 604
1765823843058 0.014953854493796825 605
1765823843260 0.014950099401175976 606
1765823843503 0.014946479350328445 607
1765823843691 0.014942950569093227 608
1765823843963 0.014939440414309502 609
1765823844112 0.014935986138880253 610
1765823844284 0.014932563528418541 611
1765823844650 0.014929138123989105 612
1765823844815 0.014925703406333923 613
1765823844984 0.014922247268259525 614
1765823845146 0.014918751083314419 615
1765823845304 0.014915245585143566 616
1765823845462 0.014911754988133907 617
1765823845616 0.01490828488022089 618
1765823845781 0.014904947020113468 619
1765823845948 0.014901798218488693 620
1765823846101 0.01489870622754097 621
1765823846252 0.014895702712237835 622
1765823846431 0.014892688021063805 623
1765823846608 0.014889644458889961 624
1765823846788 0.014886589720845222 625
1765823846968 0.01488351821899414 626
1765823847136 0.014880445785820484 627
1765823847333 0.01487741619348526 628
1765823847573 0.014874394983053207 629
1765823847753 0.014871392399072647 630
1765823847920 0.014868424274027348 631
1765823848068 0.014865460805594921 632
1765823848216 0.014862464740872383 633
1765823848363 0.01485945750027895 634
1765823848509 0.014856450259685516 635
1765823848638 0.014853446744382381 636
1765823848784 0.01485047210007906 637
1765823848924 0.01484753005206585 638
1765823849060 0.014844612218439579 639
1765823849198 0.014841780066490173 640
1765823849322 0.014839015901088715 641
1765823849456 0.014836321584880352 642
1765823849604 0.014833537861704826 643
1765823849737 0.014830751344561577 644
1765823849873 0.014828040264546871 645
1765823850011 0.014825397171080112 646
1765823850141 0.014822921715676785 647
1765823850270 0.014820532873272896 648
1765823850423 0.014818225987255573 649
1765823850580 0.014815756119787693 650
1765823850748 0.01481347344815731 651
1765823850901 0.014811118133366108 652
1765823851037 0.01480860449373722 653
1765823851178 0.014806441031396389 654
1765823851304 0.014804095029830933 655
1765823851448 0.014801545068621635 656
1765823851583 0.014799497090280056 657
1765823851718 0.014797286130487919 658
1765823851852 0.014794728718698025 659
1765823852000 0.01479269191622734 660
1765823852128 0.01479046605527401 661
1765823852271 0.014788023196160793 662
1765823852396 0.01478610746562481 663
1765823852517 0.014783840626478195 664
1765823852652 0.014781375415623188 665
1765823852791 0.014779476448893547 666
1765823852924 0.014777250587940216 667
1765823853061 0.01477484218776226 668
1765823853200 0.014772898517549038 669
1765823853333 0.014770828187465668 670
1765823853466 0.014768579974770546 671
1765823853593 0.014766608364880085 672
1765823853732 0.014764548279345036 673
1765823853858 0.014762401580810547 674
1765823853994 0.014760466292500496 675
1765823854138 0.014758399687707424 676
1765823854284 0.014756159856915474 677
1765823854420 0.014754106290638447 678
1765823854540 0.014752047136425972 679
1765823854674 0.014749934896826744 680
1765823854802 0.014747938141226768 681
1765823854940 0.014746056869626045 682
1765823855079 0.014744174666702747 683
1765823855229 0.014742453582584858 684
1765823855364 0.014740540646016598 685
1765823855570 0.014738661237061024 686
1765823855708 0.014736735261976719 687
1765823855838 0.014734769240021706 688
1765823855994 0.014732997864484787 689
1765823856133 0.014731005765497684 690
1765823856270 0.014729098416864872 691
1765823856408 0.014727420173585415 692
1765823856524 0.01472554262727499 693
1765823856652 0.014723860658705235 694
1765823856774 0.014722178690135479 695
1765823856900 0.01472034677863121 696
1765823857038 0.014718662016093731 697
1765823857162 0.014716992154717445 698
1765823857290 0.0147152841091156 699
1765823857442 0.014713579788804054 700
1765823857576 0.014711868949234486 701
1765823857711 0.014710166491568089 702
1765823857844 0.014708594419062138 703
1765823857970 0.014707045629620552 704
1765823858121 0.014705495908856392 705
1765823858267 0.01470409706234932 706
1765823858409 0.014702612534165382 707
1765823858536 0.01470112893730402 708
1765823858672 0.014699669554829597 709
1765823858818 0.014698066748678684 710
1765823858958 0.014696500264108181 711
1765823859102 0.01469490211457014 712
1765823859246 0.014693276956677437 713
1765823859384 0.014691936783492565 714
1765823859524 0.014690547250211239 715
1765823859637 0.014689220115542412 716
1765823859782 0.014687946066260338 717
1765823859934 0.01468660868704319 718
1765823860092 0.014685332775115967 719
1765823860244 0.014684069901704788 720
1765823860390 0.01468290388584137 721
1765823860522 0.014681666158139706 722
1765823860667 0.01468050479888916 723
1765823860797 0.014679350890219212 724
1765823860945 0.01467814389616251 725
1765823861080 0.01467706635594368 726
1765823861214 0.014675895683467388 727
1765823861365 0.014674637466669083 728
1765823861524 0.01467354129999876 729
1765823861692 0.014672341756522655 730
1765823861848 0.01467122882604599 731
1765823861976 0.014670182950794697 732
1765823862126 0.014668998308479786 733
1765823862272 0.014667851850390434 734
1765823862402 0.014666784554719925 735
1765823862544 0.014665648341178894 736
1765823862695 0.014664656482636929 737
1765823862838 0.014663475565612316 738
1765823862959 0.014662332832813263 739
1765823863108 0.01466123666614294 740
1765823863246 0.014659865759313107 741
1765823863384 0.014658745378255844 742
1765823863511 0.014657647348940372 743
1765823863644 0.01465676724910736 744
1765823863781 0.014656178653240204 745
1765823863920 0.014655312523245811 746
1765823864054 0.014654496684670448 747
1765823864179 0.014653650112450123 748
1765823864322 0.014652680605649948 749
1765823864455 0.014652110636234283 750
1765823864590 0.014651156961917877 751
1765823864740 0.01465032622218132 752
1765823864872 0.014649628661572933 753
1765823865011 0.014648609794676304 754
1765823865140 0.014647683128714561 755
1765823865281 0.014646747149527073 756
1765823865415 0.014645824208855629 757
1765823865558 0.014645304530858994 758
1765823865678 0.014644647017121315 759
1765823865885 0.014644023962318897 760
1765823866034 0.014643458649516106 761
1765823866169 0.014642550610005856 762
1765823866303 0.014642037451267242 763
1765823866445 0.014641350135207176 764
1765823866585 0.01464073546230793 765
1765823866714 0.014640329405665398 766
1765823866855 0.014639586210250854 767
1765823867006 0.014639248140156269 768
1765823867141 0.014638446271419525 769
1765823867273 0.014637823216617107 770
1765823867416 0.014637472108006477 771
1765823867557 0.014636599458754063 772
1765823867683 0.014636502601206303 773
1765823867821 0.014635762199759483 774
1765823867943 0.014635148458182812 775
1765823868075 0.014634867198765278 776
1765823868205 0.014634059742093086 777
1765823868351 0.014633729122579098 778
1765823868481 0.014633306302130222 779
1765823868608 0.014632686041295528 780
1765823868758 0.014632338657975197 781
1765823868907 0.014631537720561028 782
1765823869049 0.014631186611950397 783
1765823869178 0.014630686491727829 784
1765823869319 0.014630118384957314 785
1765823869458 0.014630028046667576 786
1765823869595 0.014629446901381016 787
1765823869725 0.014629246667027473 788
1765823869859 0.014628956094384193 789
1765823869998 0.014628280885517597 790
1765823870122 0.014628134667873383 791
1765823870255 0.014627416618168354 792
1765823870375 0.01462695375084877 793
1765823870504 0.014626835472881794 794
1765823870641 0.014626052230596542 795
1765823870779 0.014625918120145798 796
1765823870917 0.01462548691779375 797
1765823871045 0.01462483499199152 798
1765823871192 0.01462478470057249 799
1765823871334 0.014624063856899738 800
1765823871502 0.014623784460127354 801
1765823871667 0.014623352326452732 802
1765823871831 0.01462272834032774 803
1765823871989 0.014622598886489868 804
1765823872128 0.014621959999203682 805
1765823872271 0.014621743001043797 806
1765823872410 0.014621235430240631 807
1765823872528 0.014620701782405376 808
1765823872689 0.01462048664689064 809
1765823872825 0.014619858004152775 810
1765823872973 0.014619727618992329 811
1765823873118 0.014619242399930954 812
1765823873251 0.014618766494095325 813
1765823873396 0.014618510380387306 814
1765823873548 0.014617854729294777 815
1765823873687 0.014617623761296272 816
1765823873835 0.014617270790040493 817
1765823873968 0.014616726897656918 818
1765823874106 0.014616420492529869 819
1765823874237 0.014616083353757858 820
1765823874386 0.014615584164857864 821
1765823874527 0.014615458436310291 822
1765823874654 0.014614795334637165 823
1765823874802 0.014614265412092209 824
1765823874943 0.014614098705351353 825
1765823875074 0.014613965526223183 826
1765823875219 0.01461381558328867 827
1765823875346 0.014613657258450985 828
1765823875483 0.01461364421993494 829
1765823875615 0.014613565057516098 830
1765823875764 0.014613327570259571 831
1765823875963 0.014613036066293716 832
1765823876105 0.01461279671639204 833
1765823876267 0.014612587168812752 834
1765823876398 0.014612370170652866 835
1765823876549 0.014612192288041115 836
1765823876690 0.014612055383622646 837
1765823876838 0.014611953869462013 838
1765823876973 0.01461176946759224 839
1765823877112 0.014611609280109406 840
1765823877251 0.01461144257336855 841
1765823877397 0.014611361548304558 842
1765823877553 0.014611352235078812 843
1765823877694 0.01461134571582079 844
1765823877847 0.014611302874982357 845
1765823878010 0.014611199498176575 846
1765823878171 0.014611044898629189 847
1765823878318 0.014610921032726765 848
1765823878475 0.014610862359404564 849
1765823878618 0.014610838145017624 850
1765823878750 0.014610830694437027 851
1765823878900 0.01461071241647005 852
1765823879042 0.01461061742156744 853
1765823879178 0.014610507525503635 854
1765823879323 0.014610424637794495 855
1765823879468 0.014610376209020615 856
1765823879615 0.014610369689762592 857
1765823879744 0.014610395766794682 858
1765823879885 0.014610410667955875 859
1765823880014 0.014610407873988152 860
1765823880165 0.014610364101827145 861
1765823880310 0.014610284008085728 862
1765823880448 0.014610185287892818 863
1765823880584 0.014610104262828827 864
1765823880715 0.014610057696700096 865
1765823880848 0.014610049314796925 866
1765823880997 0.014610053040087223 867
1765823881137 0.014610049314796925 868
1765823881275 0.014610040932893753 869
1765823881415 0.014610035344958305 870
1765823881563 0.014610025100409985 871
1765823881714 0.014610008336603642 872
1765823881843 0.014609987847507 873
1765823881984 0.014609967358410358 874
1765823882124 0.014609931036829948 875
1765823882263 0.01460989098995924 876
1765823882427 0.01460985466837883 877
1765823882581 0.014609836041927338 878
1765823882746 0.014609829522669315 879
1765823882900 0.014609819278120995 880
1765823883042 0.014609815552830696 881
1765823883184 0.01460982020944357 882
1765823883311 0.014609823934733868 883
1765823883437 0.014609823934733868 884
1765823883571 0.014609819278120995 885
1765823883720 0.0146098081022501 886
1765823883848 0.014609797857701778 887
1765823883976 0.014609784819185734 888
1765823884113 0.014609775505959988 889
1765823884266 0.014609768986701965 890
1765823884387 0.014609765261411667 891
1765823884535 0.014609762467443943 892
1765823884678 0.014609756879508495 893
1765823884827 0.014609751291573048 894
1765823754866 0.5927309989929199 0
