1765823754855 0.6451308131217957 0
1765823754999 0.4967540502548218 1
1765823755136 0.40020447969436646 2
1765823755266 0.3080787658691406 3
1765823755409 0.35247376561164856 4
1765823755547 0.3064241409301758 5
1765823755693 0.2269040197134018 6
1765823755825 0.19575250148773193 7
1765823755957 0.25450748205184937 8
1765823756106 0.22621873021125793 9
1765823756243 0.1625804752111435 10
1765823756393 0.13778412342071533 11
1765823756585 0.1520860344171524 12
1765823756763 0.16238777339458466 13
1765823756944 0.13816407322883606 14
1765823757115 0.09158634394407272 15
1765823757279 0.09036146849393845 16
1765823757432 0.12590831518173218 17
1765823757578 0.12393299490213394 18
1765823757718 0.09455546736717224 19
1765823757847 0.08116458356380463 20
1765823757983 0.09683969616889954 21
1765823758124 0.1017012670636177 22
1765823758263 0.09916175901889801 23
1765823758416 0.09085353463888168 24
1765823758552 0.08063516020774841 25
1765823758703 0.07378747314214706 26
1765823758855 0.07376303523778915 27
1765823758980 0.07785641402006149 28
1765823759124 0.07999517023563385 29
1765823759275 0.0772678405046463 30
1765823759415 0.07122252881526947 31
1765823759547 0.06650064885616302 32
1765823759688 0.06672264635562897 33
1765823759831 0.06972791999578476 34
1765823759982 0.07070315629243851 35
1765823760124 0.0681111216545105 36
1765823760269 0.06385739147663116 37
1765823760416 0.06127270311117172 38
1765823760559 0.06182936578989029 39
1765823760694 0.06351586431264877 40
1765823760839 0.0635841116309166 41
1765823760975 0.06149142608046532 42
1765823761113 0.05905066058039665 43
1765823761247 0.05829555168747902 44
1765823761369 0.05915026366710663 45
1765823761502 0.0597829632461071 46
1765823761650 0.05893660709261894 47
1765823761791 0.057125214487314224 48
1765823761932 0.05589232221245766 49
1765823762081 0.056021541357040405 50
1765823762233 0.05665065720677376 51
1765823762390 0.05652229115366936 52
1765823762547 0.05550089105963707 53
1765823762695 0.05452428758144379 54
1765823762847 0.05434093624353409 55
1765823762998 0.054616257548332214 56
1765823763241 0.05454103648662567 57
1765823763374 0.0539124570786953 58
1765823763504 0.05328112095594406 59
1765823763653 0.05313338339328766 60
1765823763794 0.05327308923006058 61
1765823763938 0.05314759165048599 62
1765823764087 0.052628908306360245 63
1765823764233 0.05213607847690582 64
1765823764399 0.05202670767903328 65
1765823764573 0.0520990826189518 66
1765823764772 0.051937736570835114 67
1765823764961 0.051509980112314224 68
1765823765139 0.051157884299755096 69
1765823765285 0.051073621958494186 70
1765823765421 0.05103939399123192 71
1765823765567 0.05081183463335037 72
1765823765696 0.05048535391688347 73
1765823765850 0.050298061221838 74
1765823765997 0.05023651570081711 75
1765823766141 0.05009117349982262 76
1765823766285 0.049821216613054276 77
1765823766419 0.04960184171795845 78
1765823766558 0.049502741545438766 79
1765823766692 0.04937901720404625 80
1765823766814 0.049144987016916275 81
1765823766962 0.04891717806458473 82
1765823767098 0.04878741875290871 83
1765823767229 0.0486631914973259 84
1765823767367 0.048453785479068756 85
1765823767506 0.048230044543743134 86
1765823767642 0.04807243496179581 87
1765823767789 0.04792451858520508 88
1765823767959 0.04772118479013443 89
1765823768126 0.04751140624284744 90
1765823768292 0.0473436564207077 91
1765823768457 0.04716939106583595 92
1765823768610 0.04695690795779228 93
1765823768747 0.046753909438848495 94
1765823768881 0.04657115787267685 95
1765823769026 0.04636460915207863 96
1765823769178 0.0461391806602478 97
1765823769328 0.045933790504932404 98
1765823769456 0.045727234333753586 99
1765823769593 0.04549022391438484 100
1765823769742 0.04525379091501236 101
1765823769880 0.04503006860613823 102
1765823770007 0.04478742182254791 103
1765823770155 0.044526468962430954 104
1765823770298 0.044275153428316116 105
1765823770443 0.044016435742378235 106
1765823770583 0.04373485967516899 107
1765823770733 0.043452516198158264 108
1765823770874 0.043165914714336395 109
1765823771015 0.04285942763090134 110
1765823771154 0.04254975914955139 111
1765823771343 0.042229752987623215 112
1765823771518 0.04188830032944679 113
1765823771645 0.041543200612068176 114
1765823771777 0.041184503585100174 115
1765823771921 0.04080796614289284 116
1765823772160 0.04042823985219002 117
1765823772308 0.04002843424677849 118
1765823772434 0.0396168977022171 119
1765823772582 0.039195120334625244 120
1765823772707 0.0387590192258358 121
1765823772849 0.038321543484926224 122
1765823772989 0.037869762629270554 123
1765823773110 0.03742314130067825 124
1765823773241 0.036975640803575516 125
1765823773367 0.03654443100094795 126
1765823773495 0.03612421452999115 127
1765823773636 0.035729147493839264 128
1765823773784 0.03537166863679886 129
1765823773947 0.035048406571149826 130
1765823774119 0.03476754203438759 131
1765823774279 0.034530676901340485 132
1765823774435 0.03433426469564438 133
1765823774585 0.03417148068547249 134
1765823774736 0.0340421125292778 135
1765823775139 0.03401482105255127 136
1765823775351 0.03456434607505798 137
1765823775548 0.03764912858605385 138
1765823775725 0.043528296053409576 139
1765823775893 0.039832331240177155 140
1765823776055 0.035316839814186096 141
1765823776220 0.03505195677280426 142
1765823776380 0.037580691277980804 143
1765823776545 0.032764773815870285 144
1765823776688 0.035889215767383575 145
1765823776830 0.03484152629971504 146
1765823776974 0.032681021839380264 147
1765823777119 0.03528575599193573 148
1765823777257 0.03330596908926964 149
1765823777405 0.032831694930791855 150
1765823777546 0.034414224326610565 151
1765823777690 0.03254609927535057 152
1765823777840 0.032846223562955856 153
1765823777984 0.03362669423222542 154
1765823778144 0.03215748071670532 155
1765823778314 0.032705157995224 156
1765823778482 0.03297014534473419 157
1765823778644 0.031890761107206345 158
1765823778793 0.03248536214232445 159
1765823778930 0.03240467235445976 160
1765823779076 0.03168203681707382 161
1765823779209 0.03221672400832176 162
1765823779380 0.03192056715488434 163
1765823779545 0.03151239454746246 164
1765823779709 0.03192037716507912 165
1765823779846 0.03151367977261543 166
1765823779981 0.031369611620903015 167
1765823780115 0.03160359337925911 168
1765823780252 0.0311843603849411 169
1765823780389 0.031231967732310295 170
1765823780534 0.03126271069049835 171
1765823780655 0.030932890251278877 172
1765823780802 0.031065363436937332 173
1765823780941 0.030921798199415207 174
1765823781094 0.030750121921300888 175
1765823781250 0.030846185982227325 176
1765823781398 0.030622199177742004 177
1765823781546 0.03060465306043625 178
1765823781697 0.03057956136763096 179
1765823781852 0.030399011448025703 180
1765823781999 0.030441753566265106 181
1765823782119 0.03030693158507347 182
1765823782264 0.030242254957556725 183
1765823782396 0.03022717498242855 184
1765823782545 0.03008604422211647 185
1765823782688 0.030088823288679123 186
1765823782838 0.02998626045882702 187
1765823782976 0.02992359548807144 188
1765823783119 0.029888981953263283 189
1765823783264 0.029780730605125427 190
1765823783418 0.02976173721253872 191
1765823783574 0.02966625802218914 192
1765823783724 0.02961679920554161 193
1765823783873 0.02955898456275463 194
1765823784011 0.02947828732430935 195
1765823784158 0.02944173477590084 196
1765823784299 0.029354088008403778 197
1765823784444 0.02931191399693489 198
1765823784576 0.029237298294901848 199
1765823784721 0.029178017750382423 200
1765823784872 0.02911965548992157 201
1765823785028 0.029047682881355286 202
1765823785226 0.028998147696256638 203
1765823785392 0.028923887759447098 204
1765823785555 0.028875159099698067 205
1765823785726 0.028807951137423515 206
1765823785932 0.02875492163002491 207
1765823786317 0.028694819658994675 208
1765823786507 0.028636449947953224 209
1765823786684 0.028582053259015083 210
1765823786885 0.028520852327346802 211
1765823787067 0.02846940979361534 212
1765823787217 0.028407858684659004 213
1765823787371 0.028356892988085747 214
1765823787521 0.028296804055571556 215
1765823787663 0.028245065361261368 216
1765823787823 0.02818729355931282 217
1765823787978 0.028134601190686226 218
1765823788133 0.028079036623239517 219
1765823788300 0.02802562713623047 220
1765823788460 0.027971845120191574 221
1765823788619 0.0279181320220232 222
1765823788769 0.02786562219262123 223
1765823788906 0.02781200036406517 224
1765823789034 0.027760369703173637 225
1765823789189 0.027707094326615334 226
1765823789324 0.027656104415655136 227
1765823789467 0.02760343626141548 228
1765823789615 0.02755303680896759 229
1765823789759 0.027501000091433525 230
1765823789905 0.02745101973414421 231
1765823790033 0.02739962935447693 232
1765823790183 0.027350064367055893 233
1765823790306 0.02729935571551323 234
1765823790446 0.027250200510025024 235
1765823790580 0.02720017358660698 236
1765823790717 0.027151431888341904 237
1765823790837 0.027102036401629448 238
1765823790966 0.0270537082105875 239
1765823791105 0.027004964649677277 240
1765823791248 0.02695704810321331 241
1765823791374 0.02690892666578293 242
1765823791518 0.026861410588026047 243
1765823791664 0.026813920587301254 244
1765823791809 0.026766816154122353 245
1765823791943 0.026719896122813225 246
1765823792095 0.02667318284511566 247
1765823792223 0.026626823469996452 248
1765823792362 0.02658054605126381 249
1765823792482 0.026534728705883026 250
1765823792626 0.026488889008760452 251
1765823792765 0.026443537324666977 252
1765823792893 0.026398152112960815 253
1765823793035 0.02635320834815502 254
1765823793179 0.0263083353638649 255
1765823793322 0.026263779029250145 256
1765823793456 0.026219407096505165 257
1765823793593 0.02617523819208145 258
1765823793731 0.026131344959139824 259
1765823793863 0.02608756348490715 260
1765823794010 0.026044093072414398 261
1765823794161 0.0260007306933403 262
1765823794286 0.025957632809877396 263
1765823794428 0.025914745405316353 264
1765823794567 0.02587204799056053 265
1765823794703 0.025829555466771126 266
1765823794835 0.025787202641367912 267
1765823794973 0.025745127350091934 268
1765823795095 0.025703199207782745 269
1765823795252 0.025661472231149673 270
1765823795377 0.025619937106966972 271
1765823795520 0.025578545406460762 272
1765823795651 0.025537364184856415 273
1765823795797 0.0254963431507349 274
1765823795933 0.0254555381834507 275
1765823796065 0.025414904579520226 276
1765823796293 0.025374429300427437 277
1765823796442 0.02533414028584957 278
1765823796582 0.025294015184044838 279
1765823796722 0.02525405026972294 280
1765823796876 0.02521425299346447 281
1765823797006 0.025174612179398537 282
1765823797149 0.02513517625629902 283
1765823797299 0.02509589120745659 284
1765823797430 0.025056755170226097 285
1765823797574 0.025017766281962395 286
1765823797701 0.024978920817375183 287
1765823797839 0.024940229952335358 288
1765823797986 0.02490171790122986 289
1765823798114 0.0248633474111557 290
1765823798257 0.02482512965798378 291
1765823798392 0.02478705160319805 292
1765823798531 0.024749116972088814 293
1765823798682 0.024711329489946365 294
1765823798834 0.02467370219528675 295
1765823798984 0.02463620714843273 296
1765823799135 0.024598846212029457 297
1765823799296 0.02456163428723812 298
1765823799465 0.024524563923478127 299
1765823799623 0.02448762021958828 300
1765823799766 0.024450812488794327 301
1765823799895 0.02441413700580597 302
1765823800033 0.024377595633268356 303
1765823800160 0.02434118278324604 304
1765823800291 0.024304909631609917 305
1765823800434 0.02426876313984394 306
1765823800572 0.02423274889588356 307
1765823800709 0.024196866899728775 308
1765823800840 0.024161119014024734 309
1765823800974 0.024125495925545692 310
1765823801119 0.024090001359581947 311
1765823801234 0.02405463717877865 312
1765823801361 0.0240193959325552 313
1765823801506 0.023984255269169807 314
1765823801636 0.023949239403009415 315
1765823801781 0.023914337158203125 316
1765823801926 0.023879563435912132 317
1765823802055 0.02384490892291069 318
1765823802198 0.023810379207134247 319
1765823802338 0.02377597987651825 320
1765823802474 0.023741697892546654 321
1765823802613 0.023707536980509758 322
1765823802745 0.023673512041568756 323
1765823802898 0.0236396174877882 324
1765823803034 0.023605849593877792 325
1765823803163 0.02357221208512783 326
1765823803298 0.023538699373602867 327
1765823803437 0.02350532077252865 328
1765823803576 0.023472081869840622 329
1765823803715 0.023438991978764534 330
1765823803866 0.02340611070394516 331
1765823804005 0.023373503237962723 332
1765823804156 0.02334151789546013 333
1765823804293 0.023311078548431396 334
1765823804442 0.02328573539853096 335
1765823804588 0.023277459666132927 336
1765823804700 0.02333115227520466 337
1765823804834 0.023612963035702705 338
1765823804976 0.024656742811203003 339
1765823805114 0.027549514546990395 340
1765823805253 0.03159444406628609 341
1765823805405 0.03197981044650078 342
1765823805554 0.025031886994838715 343
1765823805701 0.024500155821442604 344
1765823805843 0.028914110735058784 345
1765823805975 0.02491224929690361 346
1765823806121 0.024074062705039978 347
1765823806334 0.02705954760313034 348
1765823806484 0.023535817861557007 349
1765823806638 0.025126710534095764 350
1765823806777 0.025122743099927902 351
1765823806902 0.023246493190526962 352
1765823807038 0.025431055575609207 353
1765823807167 0.023396583274006844 354
1765823807298 0.024121910333633423 355
1765823807431 0.0244088526815176 356
1765823807567 0.023065416142344475 357
1765823807704 0.02440020628273487 358
1765823807848 0.02336064726114273 359
1765823807975 0.023476870730519295 360
1765823808096 0.023927932605147362 361
1765823808233 0.02297939918935299 362
1765823808361 0.023731211200356483 363
1765823808505 0.02327311784029007 364
1765823808654 0.023129386827349663 365
1765823808795 0.02353915572166443 366
1765823808925 0.022925641387701035 367
1765823809070 0.023312842473387718 368
1765823809209 0.02313263900578022 369
1765823809340 0.022946512326598167 370
1765823809494 0.023236863315105438 371
1765823809659 0.02285933680832386 372
1765823809823 0.023058371618390083 373
1765823809982 0.02297741174697876 374
1765823810122 0.022836310788989067 375
1765823810261 0.023014990612864494 376
1765823810405 0.022781196981668472 377
1765823810544 0.022896479815244675 378
1765823810687 0.022837283089756966 379
1765823810841 0.022755863144993782 380
1765823810980 0.022852616384625435 381
1765823811114 0.022704627364873886 382
1765823811254 0.022782450541853905 383
1765823811394 0.02272137813270092 384
1765823811521 0.022690044716000557 385
1765823811659 0.02272852137684822 386
1765823811802 0.02263835445046425 387
1765823811941 0.022691231220960617 388
1765823812059 0.022629762068390846 389
1765823812193 0.022631296887993813 390
1765823812330 0.022629113867878914 391
1765823812456 0.022583311423659325 392
1765823812608 0.02261023223400116 393
1765823812749 0.022559288889169693 394
1765823812895 0.022573789581656456 395
1765823813031 0.022548556327819824 396
1765823813176 0.022534528747200966 397
1765823813319 0.02253561280667782 398
1765823813470 0.022504212334752083 399
1765823813620 0.022513551637530327 400
1765823813732 0.02248413674533367 401
1765823813872 0.022485066205263138 402
1765823813998 0.022468581795692444 403
1765823814138 0.022456416860222816 404
1765823814264 0.02245168946683407 405
1765823814390 0.022431692108511925 406
1765823814541 0.022431084886193275 407
1765823814676 0.02241121418774128 408
1765823814826 0.022407766431570053 409
1765823814972 0.022392962127923965 410
1765823815103 0.02238396182656288 411
1765823815245 0.022374693304300308 412
1765823815386 0.0223613902926445 413
1765823815547 0.022355221211910248 414
1765823815683 0.022340554744005203 415
1765823815814 0.02233451046049595 416
1765823815940 0.022321002557873726 417
1765823816176 0.022313253954052925 418
1765823816314 0.02230195701122284 419
1765823816429 0.022292116656899452 420
1765823816578 0.022282803431153297 421
1765823816723 0.02227156236767769 422
1765823816869 0.022263307124376297 423
1765823817007 0.02225162647664547 424
1765823817150 0.022243456915020943 425
1765823817318 0.022232186049222946 426
1765823817481 0.022223521023988724 427
1765823817618 0.022213000804185867 428
1765823817761 0.02220366708934307 429
1765823817891 0.02219388447701931 430
1765823818039 0.022184034809470177 431
1765823818178 0.022174781188368797 432
1765823818315 0.022164667025208473 433
1765823818454 0.022155670449137688 434
1765823818580 0.022145546972751617 435
1765823818712 0.02213658206164837 436
1765823818869 0.022126616910099983 437
1765823818995 0.02211756817996502 438
1765823819140 0.022107841446995735 439
1765823819275 0.022098667919635773 440
1765823819421 0.02208917774260044 441
1765823819557 0.022079909220337868 442
1765823819713 0.022070618346333504 443
1765823819875 0.022061290219426155 444
1765823820044 0.022052159532904625 445
1765823820208 0.022042827680706978 446
1765823820336 0.02203379012644291 447
1765823820483 0.022024499252438545 448
1765823820615 0.0220155268907547 449
1765823820763 0.022006310522556305 450
1765823820907 0.021997375413775444 451
1765823821049 0.021988246589899063 452
1765823821193 0.02197933942079544 453
1765823821337 0.02197030372917652 454
1765823821474 0.021961435675621033 455
1765823821622 0.021952494978904724 456
1765823821765 0.02194366604089737 457
1765823821904 0.021934807300567627 458
1765823822044 0.021926021203398705 459
1765823822195 0.02191723696887493 460
1765823822344 0.02190849930047989 461
1765823822511 0.021899783983826637 462
1765823822689 0.02189110405743122 463
1765823822860 0.02188246138393879 464
1765823823018 0.021873831748962402 465
1765823823133 0.021865252405405045 466
1765823823268 0.02185668982565403 467
1765823823408 0.021848170086741447 468
1765823823549 0.02183966524899006 469
1765823823692 0.021831216290593147 470
1765823823822 0.021822774782776833 471
1765823823966 0.02181437984108925 472
1765823824107 0.02180599793791771 473
1765823824239 0.021797670051455498 474
1765823824373 0.021789362654089928 475
1765823824497 0.021781090646982193 476
1765823824640 0.021772848442196846 477
1765823824786 0.021764641627669334 478
1765823824899 0.021756453439593315 479
1765823825052 0.021748313680291176 480
1765823825193 0.021740196272730827 481
1765823825345 0.021732117980718613 482
1765823825498 0.021724065765738487 483
1765823825738 0.021716050803661346 484
1765823825933 0.021708061918616295 485
1765823826122 0.021700112149119377 486
1765823826281 0.021692190319299698 487
1765823826402 0.021684302017092705 488
1765823826533 0.021676449105143547 489
1765823826680 0.021668631583452225 490
1765823826811 0.021660836413502693 491
1765823826939 0.021653080359101295 492
1765823827078 0.021645357832312584 493
1765823827205 0.02163766883313656 494
1765823827333 0.02163000777363777 495
1765823827477 0.021622387692332268 496
1765823827618 0.021614789962768555 497
1765823827754 0.021607235074043274 498
1765823827888 0.02159970998764038 499
1765823828043 0.021592220291495323 500
1765823828181 0.02158476412296295 501
1765823828329 0.02157733403146267 502
1765823828472 0.02156994678080082 503
1765823828615 0.02156258374452591 504
1765823828764 0.021555261686444283 505
1765823828900 0.02154797501862049 506
1765823829042 0.02154071442782879 507
1765823829198 0.02153349295258522 508
1765823829354 0.02152630314230919 509
1765823829500 0.021519146859645844 510
1765823829652 0.021512022241950035 511
1765823829807 0.02150493673980236 512
1765823829933 0.021497882902622223 513
1765823830079 0.021490860730409622 514
1765823830247 0.021483873948454857 515
1765823830409 0.02147691883146763 516
1765823830574 0.02147000841796398 517
1765823830712 0.02146312966942787 518
1765823830859 0.021456286311149597 519
1765823831016 0.02144947275519371 520
1765823831162 0.021442700177431107 521
1765823831301 0.02143595926463604 522
1765823831423 0.021429255604743958 523
1765823831563 0.021422581747174263 524
1765823831691 0.021415945142507553 525
1765823831837 0.02140934206545353 526
1765823831972 0.02140277624130249 527
1765823832115 0.02139623649418354 528
1765823832266 0.02138974517583847 529
1765823832407 0.021383274346590042 530
1765823832556 0.021376846358180046 531
1765823832692 0.02137044630944729 532
1765823832822 0.021364085376262665 533
1765823832952 0.021357756108045578 534
1765823833097 0.021351458504796028 535
1765823833238 0.02134520374238491 536
1765823833366 0.02133897878229618 537
1765823833506 0.02133278176188469 538
1765823833646 0.021326633170247078 539
1765823833785 0.021320510655641556 540
1765823833923 0.02131442353129387 541
1765823834062 0.021308371797204018 542
1765823834188 0.021302353590726852 543
1765823834328 0.021296365186572075 544
1765823834458 0.021290414035320282 545
1765823834590 0.021284501999616623 546
1765823834805 0.021278616040945053 547
1765823834951 0.021272767335176468 548
1765823835075 0.02126695215702057 549
1765823835221 0.021261174231767654 550
1765823835370 0.02125542424619198 551
1765823835509 0.021249715238809586 552
1765823835654 0.021244032308459282 553
1765823835801 0.02123839221894741 554
1765823835938 0.021232780069112778 555
1765823836082 0.02122720144689083 556
1765823836220 0.021221661940217018 557
1765823836364 0.021216152235865593 558
1765823836498 0.021210677921772003 559
1765823836633 0.0212052334100008 560
1765823836790 0.021199826151132584 561
1765823836936 0.021194452419877052 562
1765823837068 0.02118910849094391 563
1765823837214 0.0211837999522686 564
1765823837364 0.02117851749062538 565
1765823837489 0.021173276007175446 566
1765823837624 0.021168066188693047 567
1765823837774 0.021162880584597588 568
1765823837910 0.02115773595869541 569
1765823838056 0.021152624860405922 570
1765823838205 0.02114753983914852 571
1765823838344 0.021142486482858658 572
1765823838484 0.02113747037947178 573
1765823838613 0.021132484078407288 574
1765823838749 0.021127527579665184 575
1765823838893 0.021122610196471214 576
1765823839016 0.021117718890309334 577
1765823839164 0.021112864837050438 578
1765823839285 0.02110804058611393 579
1765823839427 0.02110324800014496 580
1765823839551 0.021098488941788673 581
1765823839680 0.021093761548399925 582
1765823839811 0.021089063957333565 583
1765823839948 0.02108440175652504 584
1765823840098 0.021079767495393753 585
1765823840244 0.021075166761875153 586
1765823840379 0.02107059583067894 587
1765823840497 0.021066058427095413 588
1765823840631 0.021061554551124573 589
1765823840766 0.02105708047747612 590
1765823840907 0.021052636206150055 591
1765823841045 0.021048225462436676 592
1765823841203 0.021043837070465088 593
1765823841379 0.021039480343461037 594
1765823841545 0.02103515900671482 595
1765823841715 0.021030861884355545 596
1765823841864 0.021026600152254105 597
1765823842000 0.021022362634539604 598
1765823842130 0.02101815678179264 599
1765823842275 0.021013984456658363 600
1765823842419 0.021009843796491623 601
1765823842571 0.021005727350711823 602
1765823842738 0.021001650020480156 603
1765823842890 0.02099759317934513 604
1765823843045 0.02099357731640339 605
1765823843247 0.020989585667848587 606
1765823843488 0.020985616371035576 607
1765823843677 0.02098168432712555 608
1765823843951 0.020977770909667015 609
1765823844100 0.020973892882466316 610
1765823844266 0.020970039069652557 611
1765823844639 0.020966218784451485 612
1765823844804 0.0209624283015728 613
1765823844972 0.020958660170435905 614
1765823845134 0.020954927429556847 615
1765823845291 0.020951218903064728 616
1765823845450 0.020947542041540146 617
1765823845605 0.02094389870762825 618
1765823845767 0.020940272137522697 619
1765823845937 0.02093667909502983 620
1765823846090 0.0209331177175045 621
1765823846241 0.020929576829075813 622
1765823846417 0.020926065742969513 623
1765823846597 0.020922578871250153 624
1765823846773 0.02091912366449833 625
1765823846956 0.020915687084197998 626
1765823847124 0.020912282168865204 627
1765823847318 0.020908907055854797 628
1765823847560 0.020905552431941032 629
1765823847740 0.020902229472994804 630
1765823847907 0.020898932591080666 631
1765823848058 0.020895658060908318 632
1765823848205 0.020892418920993805 633
1765823848355 0.02088920585811138 634
1765823848498 0.02088601514697075 635
1765823848627 0.020882856100797653 636
1765823848774 0.020879721269011497 637
1765823848915 0.020876610651612282 638
1765823849051 0.020873527973890305 639
1765823849190 0.020870467647910118 640
1765823849313 0.02086743526160717 641
1765823849447 0.020864427089691162 642
1765823849594 0.020861435681581497 643
1765823849728 0.020858481526374817 644
1765823849863 0.020855538547039032 645
1765823850002 0.020852627232670784 646
1765823850132 0.020849740132689476 647
1765823850260 0.02084687538444996 648
1765823850412 0.02084403857588768 649
1765823850569 0.020841218531131744 650
1765823850734 0.02083842270076275 651
1765823850892 0.02083565667271614 652
1765823851028 0.020832909271121025 653
1765823851168 0.0208301842212677 654
1765823851294 0.020827488973736763 655
1765823851439 0.020824803039431572 656
1765823851574 0.02082214504480362 657
1765823851709 0.020819509401917458 658
1765823851843 0.02081688866019249 659
1765823851988 0.020814280956983566 660
1765823852119 0.020811712369322777 661
1765823852261 0.020809156820178032 662
1765823852387 0.020806625485420227 663
1765823852507 0.020804114639759064 664
1765823852642 0.020801624283194542 665
1765823852782 0.02079916186630726 666
1765823852915 0.02079671435058117 667
1765823853052 0.020794281736016273 668
1765823853191 0.020791873335838318 669
1765823853323 0.020789485424757004 670
1765823853456 0.020787110552191734 671
1765823853584 0.0207847710698843 672
1765823853723 0.02078244462609291 673
1765823853848 0.020780129358172417 674
1765823853985 0.020777834579348564 675
1765823854128 0.0207755696028471 676
1765823854275 0.02077331580221653 677
1765823854409 0.02077108435332775 678
1765823854531 0.020768867805600166 679
1765823854665 0.02076667547225952 680
1765823854792 0.020764505490660667 681
1765823854931 0.020762361586093903 682
1765823855068 0.020760226994752884 683
1765823855221 0.020758120343089104 684
1765823855354 0.020756034180521965 685
1765823855561 0.020753959193825722 686
1765823855698 0.020751915872097015 687
1765823855827 0.020749880000948906 688
1765823855986 0.020747853443026543 689
1765823856122 0.020745838060975075 690
1765823856259 0.02074384316802025 691
1765823856398 0.02074187435209751 692
1765823856515 0.020739911124110222 693
1765823856643 0.020737970247864723 694
1765823856765 0.020736047998070717 695
1765823856890 0.020734138786792755 696
1765823857029 0.02073223702609539 697
1765823857151 0.020730365067720413 698
1765823857281 0.02072850801050663 699
1765823857433 0.020726654678583145 700
1765823857567 0.020724808797240257 701
1765823857702 0.0207230057567358 702
1765823857835 0.020721208304166794 703
1765823857960 0.02071942389011383 704
1765823858109 0.02071765996515751 705
1765823858257 0.020715905353426933 706
1765823858401 0.02071418985724449 707
1765823858525 0.020712491124868393 708
1765823858663 0.020710790529847145 709
1765823858808 0.020709099248051643 710
1765823858948 0.020707417279481888 711
1765823859092 0.02070576883852482 712
1765823859237 0.020704135298728943 713
1765823859374 0.020702514797449112 714
1765823859516 0.020700890570878983 715
1765823859627 0.020699281245470047 716
1765823859773 0.020697690546512604 717
1765823859922 0.020696118474006653 718
1765823860080 0.020694559440016747 719
1765823860233 0.020692996680736542 720
1765823860380 0.020691467449069023 721
1765823860512 0.0206899456679821 722
1765823860657 0.020688435062766075 723
1765823860788 0.020686931908130646 724
1765823860935 0.020685438066720963 725
1765823861071 0.020683981478214264 726
1765823861204 0.02068251743912697 727
1765823861352 0.020681070163846016 728
1765823861512 0.020679617300629616 729
1765823861681 0.020678196102380753 730
1765823861839 0.02067679353058338 731
1765823861965 0.02067539095878601 732
1765823862115 0.020674001425504684 733
1765823862263 0.020672613754868507 734
1765823862393 0.020671237260103226 735
1765823862534 0.02066989243030548 736
1765823862683 0.020668551325798035 737
1765823862828 0.02066720835864544 738
1765823862948 0.02066587284207344 739
1765823863097 0.020664561539888382 740
1765823863238 0.020663268864154816 741
1765823863376 0.02066197618842125 742
1765823863500 0.02066069282591343 743
1765823863634 0.02065940946340561 744
1765823863770 0.020658154040575027 745
1765823863912 0.020656930282711983 746
1765823864046 0.020655697211623192 747
1765823864170 0.020654499530792236 748
1765823864311 0.02065329998731613 749
1765823864447 0.020652106031775475 750
1765823864581 0.020650921389460564 751
1765823864730 0.0206497423350811 752
1765823864863 0.02064858004450798 753
1765823865003 0.020647428929805756 754
1765823865132 0.02064627781510353 755
1765823865273 0.0206451453268528 756
1765823865405 0.02064402587711811 757
1765823865550 0.020642908290028572 758
1765823865664 0.02064179629087448 759
1765823865877 0.020640695467591286 760
1765823866022 0.020639600232243538 761
1765823866158 0.02063852734863758 762
1765823866293 0.02063746191561222 763
1765823866435 0.02063640020787716 764
1765823866575 0.020635345950722694 765
1765823866706 0.020634302869439125 766
1765823866846 0.02063327468931675 767
1765823866995 0.020632246509194374 768
1765823867133 0.020631229504942894 769
1765823867264 0.02063022367656231 770
1765823867405 0.020629217848181725 771
1765823867548 0.020628223195672035 772
1765823867673 0.020627237856388092 773
1765823867812 0.020626261830329895 774
1765823867933 0.020625287666916847 775
1765823868065 0.020624324679374695 776
1765823868194 0.02062336914241314 777
1765823868340 0.02062242105603218 778
1765823868471 0.020621486008167267 779
1765823868599 0.020620552822947502 780
1765823868748 0.020619623363018036 781
1765823868899 0.020618708804249763 782
1765823869038 0.02061779797077179 783
1765823869169 0.020616888999938965 784
1765823869310 0.020615991204977036 785
1765823869448 0.020615098997950554 786
1765823869584 0.020614219829440117 787
1765823869716 0.02061334066092968 788
1765823869849 0.02061247080564499 789
1765823869988 0.020611606538295746 790
1765823870113 0.02061075158417225 791
1765823870244 0.020609894767403603 792
1765823870366 0.020609050989151 793
1765823870496 0.02060820907354355 794
1765823870632 0.020607376471161842 795
1765823870770 0.020606547594070435 796
1765823870907 0.020605724304914474 797
1765823871036 0.020604906603693962 798
1765823871182 0.020604107528924942 799
1765823871323 0.020603302866220474 800
1765823871491 0.020602496340870857 801
1765823871655 0.020601708441972733 802
1765823871821 0.020600929856300354 803
1765823871976 0.020600145682692528 804
1765823872120 0.020599370822310448 805
1765823872261 0.020598597824573517 806
1765823872401 0.020597826689481735 807
1765823872518 0.0205970611423254 808
1765823872680 0.02059631235897541 809
1765823872816 0.020595554262399673 810
1765823872962 0.02059480920433998 811
1765823873110 0.02059405855834484 812
1765823873242 0.020593328401446342 813
1765823873386 0.0205925852060318 814
1765823873537 0.0205918550491333 815
1765823873678 0.02059113048017025 816
1765823873824 0.02059040777385235 817
1765823873957 0.020589681342244148 818
1765823874097 0.020588967949151993 819
1765823874227 0.020588260143995285 820
1765823874376 0.020587550476193428 821
1765823874517 0.020586850121617317 822
1765823874644 0.020586147904396057 823
1765823874791 0.02058545872569084 824
1765823874934 0.020585106685757637 825
1765823875065 0.02058476023375988 826
1765823875208 0.02058441936969757 827
1765823875338 0.02058407850563526 828
1765823875474 0.02058374509215355 829
1765823875605 0.020583393052220345 830
1765823875749 0.02058306150138378 831
1765823875953 0.02058272622525692 832
1765823876094 0.02058239094913006 833
1765823876257 0.020582057535648346 834
1765823876387 0.020581720396876335 835
1765823876538 0.020581383258104324 836
1765823876680 0.02058105170726776 837
1765823876828 0.020580720156431198 838
1765823876964 0.020580392330884933 839
1765823877104 0.0205802284181118 840
1765823877242 0.02058006450533867 841
1765823877388 0.020579898729920387 842
1765823877542 0.020579738542437553 843
1765823877684 0.020579569041728973 844
1765823877836 0.02057940885424614 845
1765823877997 0.020579243078827858 846
1765823878161 0.020579081028699875 847
1765823878308 0.020578917115926743 848
1765823878464 0.02057875506579876 849
1765823878608 0.020578593015670776 850
1765823878741 0.020578434690833092 851
1765823878890 0.02057827264070511 852
1765823879032 0.02057819627225399 853
1765823879169 0.020578116178512573 854
1765823879314 0.020578039810061455 855
1765823879457 0.02057795599102974 856
1765823879606 0.02057787962257862 857
1765823879734 0.020577801391482353 858
1765823879874 0.020577719435095787 859
1765823880004 0.02057764120399952 860
1765823880154 0.0205775648355484 861
1765823880300 0.020577486604452133 862
1765823880440 0.020577408373355865 863
1765823880574 0.02057732455432415 864
1765823880705 0.02057724818587303 865
1765823880838 0.020577166229486465 866
1765823880988 0.02057712897658348 867
1765823881128 0.020577091723680496 868
1765823881265 0.020577047020196915 869
1765823881406 0.02057700976729393 870
1765823881553 0.020576972514390945 871
1765823881705 0.020576927810907364 872
1765823881835 0.02057688869535923 873
1765823881976 0.020576853305101395 874
1765823882115 0.02057681232690811 875
1765823882253 0.02057676948606968 876
1765823882415 0.020576730370521545 877
1765823882569 0.020576709881424904 878
1765823882737 0.02057669311761856 879
1765823882887 0.02057667449116707 880
1765823883031 0.020576652139425278 881
1765823883174 0.020576635375618935 882
1765823883302 0.020576611161231995 883
1765823883428 0.02057659439742565 884
1765823883560 0.02057657390832901 885
1765823883711 0.020576555281877518 886
1765823883838 0.020576532930135727 887
1765823883966 0.020576514303684235 888
1765823884104 0.02057650126516819 889
1765823884256 0.020576488226652145 890
1765823884378 0.020576484501361847 891
1765823884525 0.020576471462845802 892
1765823884668 0.020576465874910355 893
1765823884819 0.02057645097374916 894
1765823754855 0.6451308131217957 0
