1765823754843 0.41619378328323364 0
1765823754989 0.24676458537578583 1
1765823755127 0.16016362607479095 2
1765823755256 0.09491252899169922 3
1765823755399 0.12423774600028992 4
1765823755537 0.09389575570821762 5
1765823755683 0.05148543417453766 6
1765823755814 0.03831904008984566 7
1765823755948 0.0647740587592125 8
1765823756097 0.051174912601709366 9
1765823756232 0.02643241174519062 10
1765823756383 0.018984464928507805 11
1765823756562 0.023130161687731743 12
1765823756750 0.026369787752628326 13
1765823756930 0.019089311361312866 14
1765823757100 0.00838805828243494 15
1765823757267 0.00816519558429718 16
1765823757423 0.015852902084589005 17
1765823757566 0.01535938773304224 18
1765823757709 0.008940735831856728 19
1765823757837 0.006587689742445946 20
1765823757973 0.009377926588058472 21
1765823758114 0.010343147441744804 22
1765823758253 0.00983305461704731 23
1765823758405 0.00825436506420374 24
1765823758542 0.0065020290203392506 25
1765823758693 0.005444591399282217 26
1765823758845 0.005440985318273306 27
1765823758969 0.006061621010303497 28
1765823759115 0.006399227771908045 29
1765823759265 0.005970319267362356 30
1765823759405 0.005072648171335459 31
1765823759537 0.004422335885465145 32
1765823759677 0.004451911896467209 33
1765823759820 0.0048619830049574375 34
1765823759970 0.00499893631786108 35
1765823760115 0.004639124497771263 36
1765823760260 0.004077766556292772 37
1765823760405 0.003754344303160906 38
1765823760549 0.0038228705525398254 39
1765823760684 0.004034265410155058 40
1765823760830 0.004042938817292452 41
1765823760964 0.0037811954971402884 42
1765823761103 0.0034869806841015816 43
1765823761237 0.00339837116189301 44
1765823761358 0.003498753532767296 45
1765823761491 0.0035740025341510773 46
1765823761640 0.003473523771390319 47
1765823761780 0.0032632900401949883 48
1765823761923 0.003123951843008399 49
1765823762070 0.0031384131871163845 50
1765823762221 0.003209297079592943 51
1765823762378 0.0031947693787515163 52
1765823762535 0.0030803487170487642 53
1765823762684 0.0029728980734944344 54
1765823762837 0.002952937502413988 55
1765823762986 0.0029829354025423527 56
1765823763230 0.0029747248627245426 57
1765823763364 0.002906553214415908 58
1765823763493 0.002838877961039543 59
1765823763642 0.002823156537488103 60
1765823763783 0.0028380220755934715 61
1765823763928 0.002824666677042842 62
1765823764077 0.0027698019985109568 63
1765823764222 0.002718170639127493 64
1765823764387 0.002706778235733509 65
1765823764562 0.002714314265176654 66
1765823764756 0.002697528572753072 67
1765823764944 0.0026532779447734356 68
1765823765128 0.002617129124701023 69
1765823765274 0.0026085148565471172 70
1765823765410 0.002605019835755229 71
1765823765558 0.0025818427093327045 72
1765823765687 0.0025487709790468216 73
1765823765840 0.002529894933104515 74
1765823765987 0.0025237074587494135 75
1765823766132 0.002509125741198659 76
1765823766276 0.0024821534752845764 77
1765823766408 0.0024603428319096565 78
1765823766548 0.002450521569699049 79
1765823766682 0.0024382872506976128 80
1765823766805 0.0024152297992259264 81
1765823766951 0.002392890164628625 82
1765823767089 0.002380212303251028 83
1765823767219 0.0023681060411036015 84
1765823767356 0.002347769448533654 85
1765823767497 0.002326137153431773 86
1765823767631 0.0023109589237719774 87
1765823767778 0.0022967595141381025 88
1765823767945 0.0022773114033043385 89
1765823768114 0.0022573338355869055 90
1765823768280 0.0022414217237383127 91
1765823768446 0.0022249515168368816 92
1765823768599 0.0022049511317163706 93
1765823768736 0.0021859281696379185 94
1765823768870 0.0021688726264983416 95
1765823769015 0.0021496769040822983 96
1765823769167 0.0021288238931447268 97
1765823769318 0.002109913155436516 98
1765823769447 0.0020909798331558704 99
1765823769584 0.0020693603437393904 100
1765823769733 0.0020479054655879736 101
1765823769870 0.002027706941589713 102
1765823769995 0.0020059130620211363 103
1765823770144 0.0019826064817607403 104
1765823770289 0.0019602891989052296 105
1765823770433 0.0019374466501176357 106
1765823770571 0.0019127378473058343 107
1765823770724 0.001888121129013598 108
1765823770863 0.001863296260125935 109
1765823771006 0.0018369306344538927 110
1765823771145 0.001810481888242066 111
1765823771291 0.0017833519959822297 112
1765823771509 0.0017546296585351229 113
1765823771636 0.0017258374718949199 114
1765823771765 0.0016961632063612342 115
1765823771909 0.0016652902122586966 116
1765823772151 0.0016344425966963172 117
1765823772299 0.0016022755298763514 118
1765823772425 0.0015694984467700124 119
1765823772573 0.001536257565021515 120
1765823772698 0.001502261497080326 121
1765823772840 0.001468540751375258 122
1765823772979 0.001434118952602148 123
1765823773100 0.0014004915719851851 124
1765823773231 0.0013671980705112219 125
1765823773355 0.0013354953844100237 126
1765823773486 0.0013049589470028877 127
1765823773626 0.0012765720020979643 128
1765823773773 0.001251154812052846 129
1765823773934 0.0012283907271921635 130
1765823774106 0.0012087820796296 131
1765823774270 0.001192367752082646 132
1765823774424 0.0011788418050855398 133
1765823774573 0.0011676900321617723 134
1765823774722 0.0011588654015213251 135
1765823775124 0.0011570081114768982 136
1765823775337 0.0011946939630433917 137
1765823775535 0.0014174568932503462 138
1765823775712 0.0018947126809507608 139
1765823775880 0.0015866146422922611 140
1765823776045 0.0012472791131585836 141
1765823776208 0.0012286396231502295 142
1765823776368 0.00141230842564255 143
1765823776532 0.0010735304094851017 144
1765823776677 0.0012880358844995499 145
1765823776819 0.00121393206063658 146
1765823776963 0.0010680491104722023 147
1765823777109 0.001245084684342146 148
1765823777247 0.0011092874919995666 149
1765823777394 0.00107792008202523 150
1765823777536 0.0011843389365822077 151
1765823777679 0.0010592484613880515 152
1765823777831 0.0010788743384182453 153
1765823777973 0.0011307545937597752 154
1765823778133 0.0010341034503653646 155
1765823778301 0.00106962735299021 156
1765823778467 0.0010870303958654404 157
1765823778633 0.0010170205496251583 158
1765823778783 0.0010552987223491073 159
1765823778920 0.0010500627104192972 160
1765823779065 0.0010037515312433243 161
1765823779197 0.001037917216308415 162
1765823779366 0.0010189225431531668 163
1765823779532 0.0009930309606716037 164
1765823779697 0.0010189104359596968 165
1765823779836 0.000993112102150917 166
1765823779970 0.0009840525453910232 167
1765823780105 0.0009987871162593365 168
1765823780243 0.0009724643896333873 169
1765823780379 0.0009754358325153589 170
1765823780525 0.0009773571509867907 171
1765823780643 0.0009568436653353274 172
1765823780791 0.0009650567662902176 173
1765823780932 0.0009561575716361403 174
1765823781083 0.000945570005569607 175
1765823781237 0.0009514872217550874 176
1765823781386 0.0009377190726809204 177
1765823781535 0.0009366447338834405 178
1765823781686 0.0009351096232421696 179
1765823781840 0.0009240998770110309 180
1765823781989 0.0009267003042623401 181
1765823782110 0.0009185101371258497 182
1765823782254 0.0009145939839072526 183
1765823782386 0.0009136821026913822 184
1765823782533 0.0009051701053977013 185
1765823782679 0.0009053373360075057 186
1765823782827 0.0008991757640615106 187
1765823782966 0.0008954215445555747 188
1765823783108 0.0008933512144722044 189
1765823783252 0.000886891910340637 190
1765823783406 0.0008857609936967492 191
1765823783564 0.0008800869109109044 192
1765823783714 0.0008771547582000494 193
1765823783862 0.0008737335447221994 194
1765823783999 0.0008689694222994149 195
1765823784148 0.0008668157388456166 196
1765823784290 0.0008616624400019646 197
1765823784434 0.0008591883233748376 198
1765823784567 0.0008548196055926383 199
1765823784709 0.0008513567736372352 200
1765823784861 0.0008479543612338603 201
1765823785016 0.0008437678916379809 202
1765823785213 0.0008408925496041775 203
1765823785376 0.0008365912362933159 204
1765823785543 0.0008337748004123569 205
1765823785707 0.0008298980537801981 206
1765823785914 0.000826845527626574 207
1765823786303 0.0008233927073888481 208
1765823786493 0.0008200462907552719 209
1765823786669 0.0008169337525032461 210
1765823786870 0.0008134389645420015 211
1765823787054 0.0008105073357000947 212
1765823787205 0.0008070064359344542 213
1765823787360 0.000804113398771733 214
1765823787513 0.0008007091237232089 215
1765823787651 0.0007977837231010199 216
1765823787813 0.0007945235702209175 217
1765823787966 0.0007915557362139225 218
1765823788121 0.0007884323131293058 219
1765823788287 0.0007854357827454805 220
1765823788450 0.0007824241183698177 221
1765823788607 0.0007794221164658666 222
1765823788759 0.0007764929323457181 223
1765823788895 0.0007735074032098055 224
1765823789024 0.000770638114772737 225
1765823789178 0.000767683086451143 226
1765823789314 0.0007648601313121617 227
1765823789457 0.0007619496900588274 228
1765823789604 0.000759169808588922 229
1765823789750 0.0007563050021417439 230
1765823789894 0.0007535584736615419 231
1765823790023 0.0007507397094741464 232
1765823790173 0.0007480260683223605 233
1765823790296 0.0007452548015862703 234
1765823790435 0.0007425734656862915 235
1765823790570 0.0007398494053632021 236
1765823790707 0.0007372002582997084 237
1765823790827 0.0007345203775912523 238
1765823790956 0.0007319031283259392 239
1765823791095 0.0007292680675163865 240
1765823791238 0.0007266824250109494 241
1765823791364 0.0007240903214551508 242
1765823791507 0.000721535412594676 243
1765823791654 0.0007189863245002925 244
1765823791799 0.0007164624403230846 245
1765823791934 0.0007139528170228004 246
1765823792084 0.0007114586769603193 247
1765823792212 0.0007089877617545426 248
1765823792351 0.0007065254030749202 249
1765823792471 0.000704091798979789 250
1765823792616 0.0007016612798906863 251
1765823792756 0.0006992606213316321 252
1765823792883 0.0006968624657019973 253
1765823793026 0.0006944916094653308 254
1765823793169 0.0006921285530552268 255
1765823793312 0.0006897860439494252 256
1765823793445 0.0006874572718515992 257
1765823793584 0.0006851430516690016 258
1765823793721 0.0006828471668995917 259
1765823793851 0.0006805609446018934 260
1765823793999 0.0006782948039472103 261
1765823794149 0.0006760380347259343 262
1765823794276 0.0006737987278029323 263
1765823794417 0.0006715740310028195 264
1765823794556 0.0006693628383800387 265
1765823794692 0.0006671659066341817 266
1765823794825 0.0006649798015132546 267
1765823794963 0.0006628116243518889 268
1765823795085 0.0006606544484384358 269
1765823795238 0.0006585111259482801 270
1765823795367 0.0006563811330124736 271
1765823795511 0.000654261966701597 272
1765823795640 0.0006521570030599833 273
1765823795787 0.0006500635063275695 274
1765823795923 0.0006479843868874013 275
1765823796055 0.0006459173746407032 276
1765823796284 0.0006438616546802223 277
1765823796433 0.0006418186239898205 278
1765823796572 0.0006397872348316014 279
1765823796712 0.0006377670797519386 280
1765823796865 0.0006357585079967976 281
1765823796998 0.0006337611121125519 282
1765823797139 0.0006317771039903164 283
1765823797289 0.000629803747870028 284
1765823797418 0.0006278409855440259 285
1765823797565 0.0006258885841816664 286
1765823797690 0.0006239464855752885 287
1765823797827 0.0006220150971785188 288
1765823797974 0.0006200955249369144 289
1765823798105 0.0006181860808283091 290
1765823798245 0.0006162870558910072 291
1765823798383 0.0006143979262560606 292
1765823798522 0.0006125188083387911 293
1765823798672 0.0006106497603468597 294
1765823798825 0.0006087915971875191 295
1765823798975 0.0006069427472539246 296
1765823799122 0.0006051032105460763 297
1765823799283 0.0006032738601788878 298
1765823799452 0.0006014542304910719 299
1765823799612 0.0005996435065753758 300
1765823799757 0.0005978422123007476 301
1765823799884 0.0005960501148365438 302
1765823800022 0.0005942671559751034 303
1765823800151 0.0005924932193011045 304
1765823800280 0.0005907286540605128 305
1765823800424 0.000588972878176719 306
1765823800560 0.0005872261244803667 307
1765823800697 0.0005854883347637951 308
1765823800830 0.000583759683649987 309
1765823800964 0.0005820395890623331 310
1765823801109 0.0005803281674161553 311
1765823801224 0.0005786255351267755 312
1765823801352 0.0005769313429482281 313
1765823801496 0.0005752444849349558 314
1765823801625 0.000573566067032516 315
1765823801771 0.0005718955653719604 316
1765823801915 0.0005702335620298982 317
1765823802045 0.0005685797077603638 318
1765823802188 0.0005669341189786792 319
1765823802328 0.0005652972031384706 320
1765823802463 0.0005636682035401464 321
1765823802601 0.000562047294806689 322
1765823802734 0.0005604351754300296 323
1765823802886 0.0005588314961642027 324
1765823803025 0.0005572361405938864 325
1765823803152 0.0005556492251344025 326
1765823803289 0.0005540703423321247 327
1765823803427 0.0005525000742636621 328
1765823803564 0.0005509385955519974 329
1765823803704 0.0005493863136507571 330
1765823803856 0.0005478460225276649 331
1765823803996 0.0005463206907734275 332
1765823804146 0.0005448264419101179 333
1765823804284 0.0005434064078144729 334
1765823804432 0.0005422254907898605 335
1765823804577 0.0005418401560746133 336
1765823804690 0.000544342678040266 337
1765823804825 0.000557572057005018 338
1765823804967 0.0006079549784772098 339
1765823805104 0.0007589758024550974 340
1765823805244 0.000998208997771144 341
1765823805395 0.0010227083694189787 342
1765823805544 0.0006265953416004777 343
1765823805692 0.0006002576556056738 344
1765823805834 0.0008360257488675416 345
1765823805966 0.0006206202087923884 346
1765823806110 0.0005795604665763676 347
1765823806322 0.0007322190795093775 348
1765823806475 0.0005539347184821963 349
1765823806628 0.0006313516059890389 350
1765823806766 0.0006311522447504103 351
1765823806893 0.0005403994582593441 352
1765823807028 0.0006467385683208704 353
1765823807156 0.0005474001518450677 354
1765823807288 0.0005818665958940983 355
1765823807421 0.0005957920802757144 356
1765823807558 0.0005320134223438799 357
1765823807693 0.0005953700747340918 358
1765823807837 0.0005457198712974787 359
1765823807964 0.0005511634517461061 360
1765823808086 0.0005725459195673466 361
1765823808223 0.0005280527984723449 362
1765823808352 0.0005631704116240144 363
1765823808496 0.0005416380008682609 364
1765823808645 0.0005349685088731349 365
1765823808786 0.0005540918209590018 366
1765823808913 0.0005255850264802575 367
1765823809059 0.0005434885970316827 368
1765823809200 0.0005351189756765962 369
1765823809330 0.0005265424260869622 370
1765823809483 0.0005399517831392586 371
1765823809647 0.0005225492641329765 372
1765823809812 0.000531688507180661 373
1765823809972 0.0005279614124447107 374
1765823810113 0.0005214971024543047 375
1765823810250 0.0005296898307278752 376
1765823810394 0.0005189829389564693 377
1765823810535 0.000524248811416328 378
1765823810676 0.0005215414566919208 379
1765823810829 0.0005178293213248253 380
1765823810971 0.0005222420440986753 381
1765823811104 0.0005155001417733729 382
1765823811245 0.0005190400406718254 383
1765823811384 0.0005162610323168337 384
1765823811511 0.000514838146045804 385
1765823811650 0.0005165857146494091 386
1765823811793 0.0005124950548633933 387
1765823811930 0.000514891988132149 388
1765823812050 0.0005121061112731695 389
1765823812184 0.0005121756112203002 390
1765823812320 0.00051207683281973 391
1765823812446 0.0005100059788674116 392
1765823812597 0.000511222577188164 393
1765823812739 0.0005089215119369328 394
1765823812883 0.0005095759406685829 395
1765823813020 0.0005084373988211155 396
1765823813167 0.0005078049725852907 397
1765823813309 0.0005078538088127971 398
1765823813459 0.0005064395954832435 399
1765823813609 0.0005068599712103605 400
1765823813722 0.0005055364454165101 401
1765823813863 0.000505578238517046 402
1765823813989 0.0005048371967859566 403
1765823814127 0.0005042906850576401 404
1765823814254 0.0005040784017182887 405
1765823814380 0.000503180839587003 406
1765823814532 0.0005031535984016955 407
1765823814664 0.0005022624973207712 408
1765823814815 0.0005021080141887069 409
1765823814960 0.0005014447378925979 410
1765823815094 0.0005010417080484331 411
1765823815235 0.0005006268620491028 412
1765823815374 0.0005000317469239235 413
1765823815538 0.0004997559008188546 414
1765823815673 0.000499100424349308 415
1765823815804 0.0004988303408026695 416
1765823815929 0.0004982271348126233 417
1765823816165 0.0004978813230991364 418
1765823816304 0.0004973773029632866 419
1765823816419 0.00049693847540766 420
1765823816567 0.0004965233383700252 421
1765823816713 0.0004960224614478648 422
1765823816860 0.0004956548218615353 423
1765823816995 0.0004951349110342562 424
1765823817139 0.0004947714041918516 425
1765823817303 0.0004942700616084039 426
1765823817470 0.0004938849015161395 427
1765823817606 0.0004934173775836825 428
1765823817752 0.0004930028226226568 429
1765823817881 0.0004925685352645814 430
1765823818029 0.0004921313957311213 431
1765823818169 0.0004917209153063595 432
1765823818303 0.0004912724834866822 433
1765823818444 0.000490873702801764 434
1765823818570 0.0004904252127744257 435
1765823818703 0.0004900282947346568 436
1765823818859 0.0004895871388725936 437
1765823818985 0.0004891867865808308 438
1765823819130 0.0004887566319666803 439
1765823819264 0.0004883510991930962 440
1765823819412 0.000487931800307706 441
1765823819548 0.00048752236762084067 442
1765823819700 0.00048711217823438346 443
1765823819862 0.0004867005336564034 444
1765823820029 0.00048629773664288223 445
1765823820194 0.00048588623758405447 446
1765823820327 0.00048548789345659316 447
1765823820473 0.00048507857718504965 448
1765823820605 0.00048468346358276904 449
1765823820749 0.0004842776688747108 450
1765823820896 0.00048388453433290124 451
1765823821040 0.00048348295968025923 452
1765823821185 0.00048309139674529433 453
1765823821326 0.0004826942167710513 454
1765823821463 0.00048230463289655745 455
1765823821612 0.00048191205132752657 456
1765823821754 0.0004815245047211647 457
1765823821893 0.00048113579396158457 458
1765823822035 0.0004807504010386765 459
1765823822183 0.0004803652409464121 460
1765823822333 0.00047998238005675375 461
1765823822497 0.0004796005378011614 462
1765823822676 0.00047922044177539647 463
1765823822849 0.00047884215018711984 464
1765823823007 0.00047846449888311327 465
1765823823124 0.00047808929230086505 466
1765823823257 0.0004777148715220392 467
1765823823399 0.0004773425171151757 468
1765823823538 0.0004769710067193955 469
1765823823683 0.00047660202835686505 470
1765823823810 0.00047623348655179143 471
1765823823956 0.00047586712753400207 472
1765823824097 0.0004755015834234655 473
1765823824229 0.00047513842582702637 474
1765823824364 0.00047477628686465323 475
1765823824486 0.0004744158941321075 476
1765823824630 0.00047405692748725414 477
1765823824776 0.00047369959065690637 478
1765823824889 0.00047334330156445503 479
1765823825040 0.0004729891661554575 480
1765823825184 0.00047263610758818686 481
1765823825334 0.0004722849407698959 482
1765823825487 0.00047193505452014506 483
1765823825725 0.00047158688539639115 484
1765823825920 0.0004712399677373469 485
1765823826110 0.0004708948836196214 486
1765823826269 0.0004705511382780969 487
1765823826393 0.00047020899364724755 488
1765823826522 0.00046986847883090377 489
1765823826669 0.0004695295647252351 490
1765823826801 0.00046919184387661517 491
1765823826929 0.0004688558983616531 492
1765823827069 0.00046852155355736613 493
1765823827196 0.0004681887221522629 494
1765823827323 0.00046785720041953027 495
1765823827468 0.0004675276577472687 496
1765823827609 0.0004671991628129035 497
1765823827744 0.00046687264693900943 498
1765823827877 0.0004665474407374859 499
1765823828031 0.00046622398076578975 500
1765823828172 0.0004659020050894469 501
1765823828319 0.0004655813390854746 502
1765823828461 0.0004652626230381429 503
1765823828605 0.0004649450129363686 504
1765823828755 0.00046462929458357394 505
1765823828891 0.0004643152351491153 506
1765823829033 0.00046400236897170544 507
1765823829183 0.00046369130723178387 508
1765823829344 0.0004633817297872156 509
1765823829489 0.0004630736948456615 510
1765823829643 0.0004627671150956303 511
1765823829795 0.00046246228157542646 512
1765823829923 0.00046215899055823684 513
1765823830068 0.0004618571256287396 514
1765823830233 0.0004615568614099175 515
1765823830399 0.00046125802327878773 516
1765823830561 0.0004609612806234509 517
1765823830702 0.0004606659058481455 518
1765823830848 0.00046037218999117613 519
1765823831004 0.0004600798711180687 520
1765823831151 0.0004597893566824496 521
1765823831292 0.00045950038474984467 522
1765823831414 0.0004592130135279149 523
1765823831553 0.000458927039289847 524
1765823831681 0.0004586427239701152 525
1765823831827 0.00045835989294573665 526
1765823831963 0.0004580788081511855 527
1765823832105 0.0004577989166136831 528
1765823832256 0.0004575211787596345 529
1765823832398 0.00045724440133199096 530
1765823832546 0.00045696954475715756 531
1765823832682 0.0004566959396470338 532
1765823832812 0.0004564241389743984 533
1765823832941 0.0004561537643894553 534
1765823833086 0.0004558847867883742 535
1765823833228 0.00045561770093627274 536
1765823833355 0.00045535198296420276 537
1765823833497 0.0004550876037683338 538
1765823833634 0.00045482529094442725 539
1765823833775 0.00045456417137756944 540
1765823833912 0.00045430465252138674 541
1765823834050 0.00045404667616821826 542
1765823834177 0.00045379027142189443 543
1765823834318 0.00045353517634794116 544
1765823834449 0.00045328171108849347 545
1765823834581 0.0004530299920588732 546
1765823834793 0.0004527794662863016 547
1765823834942 0.00045253062853589654 548
1765823835064 0.00045228327508084476 549
1765823835211 0.00045203755144029856 550
1765823835359 0.00045179305016063154 551
1765823835500 0.0004515503824222833 552
1765823835642 0.00045130893704481423 553
1765823835792 0.00045106932520866394 554
1765823835929 0.0004508309648372233 555
1765823836071 0.0004505941178649664 556
1765823836211 0.000450358958914876 557
1765823836355 0.00045012510963715613 558
1765823836487 0.00044989283196628094 559
1765823836621 0.00044966189307160676 560
1765823836779 0.00044943264219909906 561
1765823836926 0.00044920481741428375 562
1765823837059 0.000448978302301839 563
1765823837202 0.00044875338790006936 564
1765823837354 0.00044852960854768753 565
1765823837479 0.000448307633632794 566
1765823837614 0.000448087026597932 567
1765823837762 0.0004478675255086273 568
1765823837900 0.00044764979975298047 569
1765823838046 0.00044743355829268694 570
1765823838195 0.0004472184518817812 571
1765823838334 0.0004470047715585679 572
1765823838473 0.00044679269194602966 573
1765823838603 0.00044658189290203154 574
1765823838738 0.00044637240353040397 575
1765823838884 0.00044616468949243426 576
1765823839006 0.000445958023192361 577
1765823839154 0.0004457530449144542 578
1765823839275 0.000445549376308918 579
1765823839418 0.00044534707558341324 580
1765823839539 0.0004451462591532618 581
1765823839671 0.00044494678149931133 582
1765823839799 0.00044474858441390097 583
1765823839938 0.00044455198803916574 584
1765823840087 0.0004443565849214792 585
1765823840235 0.000444162666099146 586
1765823840369 0.0004439700278453529 587
1765823840486 0.00044377881567925215 588
1765823840621 0.00044358905870467424 589
1765823840754 0.0004434006114024669 590
1765823840897 0.0004432134737726301 591
1765823841034 0.0004430278204381466 592
1765823841190 0.00044284306932240725 593
1765823841366 0.0004426597151905298 594
1765823841534 0.00044247793266549706 595
1765823841703 0.00044229713967069983 596
1765823841853 0.0004421178891789168 597
1765823841987 0.0004419397155288607 598
1765823842119 0.0004417629388626665 599
1765823842266 0.00044158753007650375 600
1765823842407 0.00044141351827420294 601
1765823842559 0.00044124058331362903 602
1765823842726 0.0004410692781675607 603
1765823842881 0.00044089893344789743 604
1765823843031 0.0004407303058542311 605
1765823843231 0.0004405626968946308 606
1765823843471 0.000440396077465266 607
1765823843663 0.00044023108785040677 608
1765823843937 0.0004400668549351394 609
1765823844087 0.00043990419362671673 610
1765823844248 0.0004397425218485296 611
1765823844627 0.00043958230526186526 612
1765823844791 0.00043942336924374104 613
1765823844961 0.0004392654518596828 614
1765823845120 0.00043910896056331694 615
1765823845281 0.0004389536043163389 616
1765823845437 0.0004387994995340705 617
1765823845596 0.00043864690815098584 618
1765823845752 0.00043849501525983214 619
1765823845926 0.00043834454845637083 620
1765823846080 0.000438195449532941 621
1765823846230 0.0004380471655167639 622
1765823846403 0.0004379002202767879 623
1765823846582 0.0004377542936708778 624
1765823846758 0.00043760970584116876 625
1765823846943 0.0004374659911263734 626
1765823847111 0.0004373235278762877 627
1765823847302 0.000437182403402403 628
1765823847548 0.000437042152043432 629
1765823847727 0.0004369031812530011 630
1765823847897 0.000436765345511958 631
1765823848048 0.00043662849930115044 632
1765823848194 0.00043649316648952663 633
1765823848345 0.0004363589105196297 634
1765823848487 0.00043622564407996833 635
1765823848618 0.00043609365820884705 636
1765823848764 0.00043596274917945266 637
1765823848905 0.0004358328878879547 638
1765823849042 0.00043570419074967504 639
1765823849180 0.00043557642493397 640
1765823849304 0.00043544985237531364 641
1765823849437 0.0004353242984507233 642
1765823849585 0.0004351995303295553 643
1765823849718 0.00043507624650374055 644
1765823849854 0.0004349534574430436 645
1765823849992 0.0004348320362623781 646
1765823850122 0.0004347116337157786 647
1765823850251 0.00043459219159558415 648
1765823850398 0.0004344739718362689 649
1765823850558 0.0004343563923612237 650
1765823850719 0.0004342398897279054 651
1765823850882 0.0004341245803516358 652
1765823851018 0.000434010085882619 653
1765823851157 0.0004338965518400073 654
1765823851284 0.0004337842692621052 655
1765823851429 0.00043367239413782954 656
1765823851564 0.00043356174137443304 657
1765823851700 0.0004334519908297807 658
1765823851833 0.00043334285146556795 659
1765823851977 0.0004332343232817948 660
1765823852110 0.0004331273667048663 661
1765823852252 0.0004330210213083774 662
1765823852377 0.00043291563633829355 663
1765823852497 0.00043281118269078434 664
1765823852633 0.00043270757305435836 665
1765823852771 0.0004326051566749811 666
1765823852905 0.00043250329326838255 667
1765823853042 0.0004324021574575454 668
1765823853181 0.0004323020111769438 669
1765823853311 0.00043220267980359495 670
1765823853445 0.00043210393050685525 671
1765823853575 0.00043200672371312976 672
1765823853712 0.0004319099825806916 673
1765823853839 0.0004318137653172016 674
1765823853976 0.00043171842116862535 675
1765823854117 0.0004316242702770978 676
1765823854265 0.00043153061415068805 677
1765823854398 0.0004314379475545138 678
1765823854522 0.0004313458630349487 679
1765823854655 0.0004312547971494496 680
1765823854782 0.0004311646625865251 681
1765823854921 0.00043107563396915793 682
1765823855057 0.00043098704190924764 683
1765823855211 0.0004308995557948947 684
1765823855345 0.0004308129718992859 685
1765823855552 0.00043072685366496444 686
1765823855688 0.0004306419868953526 687
1765823855816 0.0004305574984755367 688
1765823855975 0.00043047344661317766 689
1765823856111 0.000430389802204445 690
1765823856248 0.00043030703091062605 691
1765823856388 0.000430225336458534 692
1765823856505 0.0004301438748370856 693
1765823856634 0.0004300633736420423 694
1765823856755 0.0004299836582504213 695
1765823856877 0.00042990449583157897 696
1765823857020 0.0004298256535548717 697
1765823857141 0.00042974803363904357 698
1765823857272 0.00042967102490365505 699
1765823857421 0.0004295942489989102 700
1765823857557 0.000429517705924809 701
1765823857692 0.0004294429672881961 702
1765823857826 0.0004293684905860573 703
1765823857949 0.00042929453775286674 704
1765823858098 0.0004292214580345899 705
1765823858246 0.00042914869845844805 706
1765823858390 0.0004290776851121336 707
1765823858516 0.0004290072829462588 708
1765823858654 0.0004289368516765535 709
1765823858798 0.0004288667696528137 710
1765823858939 0.00042879709508270025 711
1765823859081 0.0004287288466002792 712
1765823859225 0.0004286612384021282 713
1765823859364 0.000428594124969095 714
1765823859505 0.0004285268660169095 715
1765823859617 0.000428460247348994 716
1765823859764 0.00042839435627683997 717
1765823859913 0.00042832930921576917 718
1765823860070 0.00042826475691981614 719
1765823860223 0.00042820011731237173 720
1765823860370 0.0004281367873772979 721
1765823860501 0.0004280738648958504 722
1765823860648 0.00042801134986802936 723
1765823860778 0.00042794912587851286 724
1765823860924 0.0004278873384464532 725
1765823861062 0.00042782712262123823 726
1765823861193 0.00042776655755005777 727
1765823861340 0.0004277066618669778 728
1765823861501 0.0004276465915609151 729
1765823861668 0.00042758783092722297 730
1765823861828 0.0004275297687854618 731
1765823861953 0.0004274718230590224 732
1765823862103 0.0004274143138900399 733
1765823862251 0.00042735697934404016 734
1765823862383 0.00042730002314783633 735
1765823862523 0.0004272444639354944 736
1765823862672 0.0004271889920346439 737
1765823862817 0.00042713352013379335 738
1765823862937 0.0004270782810635865 739
1765823863086 0.00042702408973127604 740
1765823863227 0.00042697065509855747 741
1765823863367 0.00042691724956966937 742
1765823863489 0.00042686419328674674 743
1765823863624 0.00042681116610765457 744
1765823863759 0.00042675930308178067 745
1765823863903 0.0004267087497282773 746
1765823864037 0.0004266578471288085 747
1765823864160 0.0004266083415132016 748
1765823864300 0.00042655880679376423 749
1765823864437 0.0004265095049049705 750
1765823864572 0.00042646058136597276 751
1765823864719 0.00042641189065761864 752
1765823864854 0.00042636386933736503 753
1765823864993 0.00042631631367839873 754
1765823865122 0.00042626881622709334 755
1765823865264 0.00042622204637154937 756
1765823865394 0.00042617577128112316 757
1765823865541 0.00042612969991751015 758
1765823865655 0.00042608374496921897 759
1765823865867 0.00042603828478604555 760
1765823866008 0.0004259931156411767 761
1765823866146 0.0004259487905073911 762
1765823866283 0.00042590481461957097 763
1765823866425 0.00042586098425090313 764
1765823866565 0.0004258175322320312 765
1765823866696 0.0004257744876667857 766
1765823866837 0.00042573202517814934 767
1765823866983 0.0004256895917933434 768
1765823867122 0.0004256476240698248 769
1765823867254 0.00042560615111142397 770
1765823867395 0.00042556464904919267 771
1765823867537 0.00042552355444058776 772
1765823867662 0.00042548292549327016 773
1765823867803 0.0004254426748957485 774
1765823867924 0.0004254025116097182 775
1765823868054 0.00042536278488114476 776
1765823868182 0.0004253233491908759 777
1765823868329 0.0004252842627465725 778
1765823868460 0.0004252457001712173 779
1765823868588 0.0004252072249073535 780
1765823868738 0.0004251688369549811 781
1765823868888 0.0004251311474945396 782
1765823869029 0.00042509360355325043 783
1765823869159 0.0004250561469234526 784
1765823869300 0.0004250190977472812 785
1765823869438 0.0004249823105055839 786
1765823869573 0.0004249460471328348 787
1765823869707 0.0004249097837600857 788
1765823869840 0.000424873927840963 789
1765823869977 0.00042483830475248396 790
1765823870104 0.00042480306001380086 791
1765823870234 0.00042476775706745684 792
1765823870356 0.0004247330070938915 793
1765823870487 0.0004246983153279871 794
1765823870622 0.00042466397280804813 795
1765823870761 0.00042462977580726147 796
1765823870896 0.00042459586984477937 797
1765823871027 0.0004245621676091105 798
1765823871173 0.0004245292511768639 799
1765823871311 0.0004244961019139737 800
1765823871478 0.0004244628653395921 801
1765823871641 0.0004244303854648024 802
1765823871811 0.00042439831304363906 803
1765823871965 0.00042436603689566255 804
1765823872110 0.00042433408088982105 805
1765823872252 0.00042430227040313184 806
1765823872392 0.0004242704890202731 807
1765823872507 0.00042423891136422753 808
1765823872668 0.0004242080613039434 809
1765823872806 0.0004241768619976938 810
1765823872952 0.0004241461574565619 811
1765823873100 0.0004241152200847864 812
1765823873231 0.0004240851558279246 813
1765823873377 0.00042405459680594504 814
1765823873527 0.00042402453254908323 815
1765823873669 0.00042399464291520417 816
1765823873813 0.00042396486969664693 817
1765823873948 0.0004239350091665983 818
1765823874087 0.00042390558519400656 819
1765823874218 0.0004238764231558889 820
1765823874367 0.00042384726111777127 821
1765823874507 0.0004238183901179582 822
1765823874634 0.0004237895191181451 823
1765823874782 0.00042376111377961934 824
1765823874923 0.0004237465909682214 825
1765823875056 0.00042373238829895854 826
1765823875198 0.00042371833114884794 827
1765823875328 0.0004237043031025678 828
1765823875464 0.00042369053699076176 829
1765823875595 0.0004236761014908552 830
1765823875734 0.0004236623935867101 831
1765823875944 0.00042364862747490406 832
1765823876083 0.0004236348031554371 833
1765823876248 0.00042362106614746153 834
1765823876375 0.00042360718362033367 835
1765823876527 0.00042359333019703627 836
1765823876670 0.0004235797096043825 837
1765823876817 0.0004235660599078983 838
1765823876954 0.0004235525557305664 839
1765823877093 0.0004235458036419004 840
1765823877232 0.000423539022449404 841
1765823877379 0.0004235322412569076 842
1765823877531 0.00042352560558356345 843
1765823877675 0.00042351867887191474 844
1765823877824 0.0004235121014062315 845
1765823877984 0.0004235052620060742 846
1765823878149 0.0004234985390212387 847
1765823878298 0.00042349184514023364 848
1765823878455 0.0004234851512592286 849
1765823878598 0.00042347851558588445 850
1765823878731 0.00042347193812020123 851
1765823878879 0.0004234653024468571 852
1765823879023 0.0004234621883369982 853
1765823879158 0.0004234588413964957 854
1765823879304 0.00042345572728663683 855
1765823879447 0.0004234522639308125 856
1765823879596 0.0004234491498209536 857
1765823879725 0.00042344589019194245 858
1765823879864 0.00042344251414760947 859
1765823879994 0.00042343931272625923 860
1765823880143 0.00042343619861640036 861
1765823880290 0.00042343296809121966 862
1765823880431 0.00042342973756603897 863
1765823880563 0.00042342630331404507 864
1765823880696 0.0004234231309965253 865
1765823880829 0.00042341978405602276 866
1765823880978 0.0004234182124491781 867
1765823881118 0.0004234166699461639 868
1765823881254 0.00042341489461250603 869
1765823881397 0.0004234132939018309 870
1765823881545 0.00042341178050264716 871
1765823881696 0.00042340997606515884 872
1765823881826 0.00042340834625065327 873
1765823881966 0.0004234068619553 874
1765823882105 0.00042340520303696394 875
1765823882242 0.0004234034277033061 876
1765823882404 0.0004234018560964614 877
1765823882557 0.00042340101208537817 878
1765823882722 0.0004234003135934472 879
1765823882875 0.00042339955689385533 880
1765823883021 0.0004233986255712807 881
1765823883163 0.0004233978979755193 882
1765823883291 0.00042339690844528377 883
1765823883419 0.0004233962681610137 884
1765823883551 0.0004233953950461 885
1765823883702 0.00042339463834650815 886
1765823883827 0.00042339370702393353 887
1765823883955 0.0004233929212205112 888
1765823884093 0.00042339242645539343 889
1765823884245 0.0004233919025864452 890
1765823884369 0.000423391698859632 891
1765823884513 0.00042339120409451425 892
1765823884657 0.00042339094216004014 893
1765823884808 0.0004233903018757701 894
1765823754843 0.41619378328323364 0
