1765823506713 0.5768247246742249 0
1765823506798 0.5001174211502075 1
1765823506873 0.4186733365058899 2
1765823506938 0.2725503146648407 3
1765823507003 0.14045833051204681 4
1765823507088 0.1916487216949463 5
1765823507167 0.09379807859659195 6
1765823507248 0.10629146546125412 7
1765823507328 0.12899374961853027 8
1765823507401 0.1305699348449707 9
1765823507476 0.11662077903747559 10
1765823507554 0.09735175222158432 11
1765823507626 0.08617337793111801 12
1765823507709 0.09466002136468887 13
1765823507785 0.10482493042945862 14
1765823507852 0.10401309281587601 15
1765823507931 0.0943838506937027 16
1765823508009 0.08725424855947495 17
1765823508088 0.0806182324886322 18
1765823508168 0.07686280459165573 19
1765823508248 0.0766538754105568 20
1765823508332 0.07845735549926758 21
1765823508415 0.08001536130905151 22
1765823508482 0.07987849414348602 23
1765823508549 0.07762938737869263 24
1765823508615 0.07370024174451828 25
1765823508678 0.0691719502210617 26
1765823508757 0.06573402881622314 27
1765823508840 0.06446285545825958 28
1765823508914 0.06348740309476852 29
1765823508990 0.06265538930892944 30
1765823509071 0.061746951192617416 31
1765823509148 0.061062902212142944 32
1765823509231 0.06044573336839676 33
1765823509307 0.05917507782578468 34
1765823509371 0.057370878756046295 35
1765823509448 0.0554412379860878 36
1765823509518 0.05359305813908577 37
1765823509596 0.05186516046524048 38
1765823509673 0.051005300134420395 39
1765823509754 0.050120871514081955 40
1765823509827 0.04922649636864662 41
1765823509904 0.048309002071619034 42
1765823509974 0.047364115715026855 43
1765823510048 0.04641595855355263 44
1765823510123 0.04549222066998482 45
1765823510199 0.04455859214067459 46
1765823510274 0.04361700266599655 47
1765823510356 0.04267754405736923 48
1765823510440 0.041746269911527634 49
1765823510522 0.041282769292593 50
1765823510599 0.04081976041197777 51
1765823510683 0.040356896817684174 52
1765823510757 0.03989390656352043 53
1765823510834 0.03943011164665222 54
1765823510911 0.038965336978435516 55
1765823510992 0.03850004822015762 56
1765823511067 0.03803541511297226 57
1765823511146 0.03757334500551224 58
1765823511223 0.03711546212434769 59
1765823511296 0.03666438162326813 60
1765823511372 0.0362204946577549 61
1765823511445 0.03578576818108559 62
1765823511527 0.03536154329776764 63
1765823511606 0.03494804725050926 64
1765823511675 0.03454481065273285 65
1765823511755 0.03415164351463318 66
1765823511824 0.033768657594919205 67
1765823511905 0.03339630365371704 68
1765823511969 0.03303593769669533 69
1765823512051 0.03268801420927048 70
1765823512132 0.03235302120447159 71
1765823512214 0.032031651586294174 72
1765823512307 0.031725261360406876 73
1765823512391 0.031434811651706696 74
1765823512456 0.031160466372966766 75
1765823512532 0.030901780351996422 76
1765823512608 0.03065834939479828 77
1765823512685 0.030422652140259743 78
1765823512764 0.03013702668249607 79
1765823512844 0.029938824474811554 80
1765823512931 0.02976514957845211 81
1765823513011 0.029579393565654755 82
1765823513089 0.02939840778708458 83
1765823513173 0.029245710000395775 84
1765823513265 0.029122525826096535 85
1765823513349 0.02900201827287674 86
1765823513432 0.028878122568130493 87
1765823513518 0.028770551085472107 88
1765823513603 0.028683699667453766 89
1765823513693 0.028612574562430382 90
1765823513775 0.02854403853416443 91
1765823513862 0.02847931906580925 92
1765823513954 0.02842125855386257 93
1765823514044 0.028373561799526215 94
1765823514124 0.02833557315170765 95
1765823514201 0.028300970792770386 96
1765823514278 0.028265032917261124 97
1765823514357 0.028232967481017113 98
1765823514428 0.028208257630467415 99
1765823514503 0.028188126161694527 100
1765823514570 0.02817065641283989 101
1765823514641 0.02815358154475689 102
1765823514715 0.028136303648352623 103
1765823514793 0.028119780123233795 104
1765823514865 0.02810496650636196 105
1765823514947 0.028091400861740112 106
1765823515026 0.028077365830540657 107
1765823515104 0.02806147374212742 108
1765823515179 0.028044315055012703 109
1765823515257 0.028026578947901726 110
1765823515336 0.028008723631501198 111
1765823515410 0.027990354225039482 112
1765823515491 0.027970565482974052 113
1765823515566 0.027949435636401176 114
1765823515644 0.027927903458476067 115
1765823515724 0.027906065806746483 116
1765823515804 0.02788405679166317 117
1765823515886 0.027861760929226875 118
1765823515968 0.02783885970711708 119
1765823516046 0.027815625071525574 120
1765823516126 0.027792569249868393 121
1765823516204 0.02776968665421009 122
1765823516266 0.027746841311454773 123
1765823516345 0.027723951265215874 124
1765823516417 0.027701102197170258 125
1765823516503 0.027678638696670532 126
1765823516575 0.027656426653265953 127
1765823516636 0.027634289115667343 128
1765823516709 0.027612121775746346 129
1765823516789 0.0275900699198246 130
1765823516862 0.027568144723773003 131
1765823516936 0.02754649519920349 132
1765823517012 0.02752469666302204 133
1765823517088 0.02750256471335888 134
1765823517170 0.027480587363243103 135
1765823517252 0.02745864726603031 136
1765823517331 0.027436554431915283 137
1765823517406 0.02741425670683384 138
1765823517484 0.027391811832785606 139
1765823517561 0.027369294315576553 140
1765823517640 0.027346713468432426 141
1765823517707 0.027323856949806213 142
1765823517787 0.02730078622698784 143
1765823517869 0.027277735993266106 144
1765823517951 0.027254603803157806 145
1765823518033 0.027231335639953613 146
1765823518104 0.02720785140991211 147
1765823518185 0.027184272184967995 148
1765823518268 0.027160583063960075 149
1765823518346 0.027136873453855515 150
1765823518429 0.0271128099411726 151
1765823518500 0.02708863653242588 152
1765823518570 0.027064530178904533 153
1765823518654 0.027040310204029083 154
1765823518730 0.027015943080186844 155
1765823518800 0.026991546154022217 156
1765823518874 0.026967158541083336 157
1765823518953 0.026942633092403412 158
1765823519015 0.026918040588498116 159
1765823519088 0.026893438771367073 160
1765823519153 0.026868727058172226 161
1765823519237 0.026844002306461334 162
1765823519315 0.02681918442249298 163
1765823519389 0.026794297620654106 164
1765823519468 0.026769384741783142 165
1765823519543 0.026744388043880463 166
1765823519625 0.026719342917203903 167
1765823519709 0.02669423073530197 168
1765823519797 0.026669137179851532 169
1765823519889 0.02664409764111042 170
1765823519981 0.026618968695402145 171
1765823520076 0.026593899354338646 172
1765823520164 0.026568736881017685 173
1765823520249 0.026543453335762024 174
1765823520327 0.02651829458773136 175
1765823520407 0.02649306319653988 176
1765823520485 0.02646789886057377 177
1765823520570 0.026443030685186386 178
1765823520647 0.026418423280119896 179
1765823520712 0.026393650099635124 180
1765823520796 0.02636881358921528 181
1765823520875 0.02634412609040737 182
1765823520948 0.02631945163011551 183
1765823521029 0.026294711977243423 184
1765823521096 0.02626996487379074 185
1765823521181 0.026245271787047386 186
1765823521252 0.026220595464110374 187
1765823521333 0.02619588002562523 188
1765823521421 0.0261711273342371 189
1765823521521 0.026146480813622475 190
1765823521612 0.026121847331523895 191
1765823521704 0.02609720081090927 192
1765823521783 0.02607252448797226 193
1765823521863 0.026047825813293457 194
1765823521951 0.026023130863904953 195
1765823522082 0.025998475030064583 196
1765823522162 0.025973841547966003 197
1765823522249 0.025949181988835335 198
1765823522345 0.025924507528543472 199
1765823522452 0.025899827480316162 200
1765823522549 0.025875132530927658 201
1765823522642 0.025850405916571617 202
1765823522734 0.025825658813118935 203
1765823522831 0.0258009135723114 204
1765823522925 0.02577614225447178 205
1765823522990 0.025751346722245216 206
1765823523071 0.025726528838276863 207
1765823523149 0.02570169046521187 208
1765823523214 0.025676831603050232 209
1765823523288 0.025651950389146805 210
1765823523350 0.025627046823501587 211
1765823523430 0.025602122768759727 212
1765823523506 0.025577178224921227 213
1765823523583 0.025552213191986084 214
1765823523664 0.025527218356728554 215
1765823523749 0.025502203032374382 216
1765823523830 0.02547716721892357 217
1765823523917 0.025452105328440666 218
1765823523994 0.02542702481150627 219
1765823524077 0.025401916354894638 220
1765823524156 0.02537679113447666 221
1765823524230 0.025351636111736298 222
1765823524303 0.02532646246254444 223
1765823524373 0.025301260873675346 224
1765823524447 0.02527603507041931 225
1765823524528 0.025250788778066635 226
1765823524595 0.025225521996617317 227
1765823524712 0.02520022913813591 228
1765823524794 0.025174910202622414 229
1765823524863 0.025149572640657425 230
1765823524934 0.025124210864305496 231
1765823525015 0.02509882301092148 232
1765823525096 0.025073416531085968 233
1765823525173 0.025047985836863518 234
1765823525247 0.02502252906560898 235
1765823525324 0.024997049942612648 236
1765823525405 0.024971546605229378 237
1765823525479 0.02494601532816887 238
1765823525552 0.024920467287302017 239
1765823525631 0.024894895032048225 240
1765823525704 0.024869363754987717 241
1765823525776 0.024843759834766388 242
1765823525852 0.024818183854222298 243
1765823525917 0.02479252591729164 244
1765823525992 0.024766836315393448 245
1765823526069 0.024741262197494507 246
1765823526150 0.024715526029467583 247
1765823526230 0.024689743295311928 248
1765823526307 0.024664096534252167 249
1765823526387 0.024638280272483826 250
1765823526453 0.0246125441044569 251
1765823526537 0.024586783722043037 252
1765823526625 0.02456093393266201 253
1765823526711 0.02453506365418434 254
1765823526805 0.024509215727448463 255
1765823526891 0.024483313784003258 256
1765823526981 0.024457352235913277 257
1765823527065 0.02443140186369419 258
1765823527139 0.024405602365732193 259
1765823527216 0.024379653856158257 260
1765823527290 0.024353548884391785 261
1765823527373 0.024327578023076057 262
1765823527434 0.02430144138634205 263
1765823527514 0.024275382980704308 264
1765823527578 0.02424931898713112 265
1765823527649 0.02422323264181614 266
1765823527724 0.02419712394475937 267
1765823527802 0.024170950055122375 268
1765823527884 0.024144787341356277 269
1765823527959 0.024118587374687195 270
1765823528037 0.024092398583889008 271
1765823528117 0.024066101759672165 272
1765823528198 0.02403990551829338 273
1765823528278 0.024013524875044823 274
1765823528353 0.023987378925085068 275
1765823528433 0.02396101877093315 276
1765823528517 0.02393447980284691 277
1765823528597 0.023908443748950958 278
1765823528677 0.023881826549768448 279
1765823528753 0.02385539747774601 280
1765823528831 0.023829087615013123 281
1765823528909 0.023802323266863823 282
1765823528978 0.023775985464453697 283
1765823529055 0.02374943345785141 284
1765823529130 0.02372262068092823 285
1765823529210 0.023696143180131912 286
1765823529282 0.023669349029660225 287
1765823529361 0.023642878979444504 288
1765823529440 0.023616155609488487 289
1765823529512 0.02358921617269516 290
1765823529595 0.023562874644994736 291
1765823529674 0.023535845801234245 292
1765823529754 0.023508958518505096 293
1765823529815 0.023482244461774826 294
1765823529894 0.023455020040273666 295
1765823529974 0.02342817559838295 296
1765823530055 0.023401115089654922 297
1765823530132 0.023374231532216072 298
1765823530207 0.023347167298197746 299
1765823530289 0.023319963365793228 300
1765823530356 0.023293079808354378 301
1765823530418 0.023265637457370758 302
1765823530494 0.02323845960199833 303
1765823530574 0.023211171850562096 304
1765823530648 0.02318386361002922 305
1765823530730 0.023156484588980675 306
1765823530811 0.023129140958189964 307
1765823530887 0.023101620376110077 308
1765823530949 0.02307422272861004 309
1765823531029 0.023046599701046944 310
1765823531107 0.023019034415483475 311
1765823531178 0.022991405799984932 312
1765823531261 0.022963566705584526 313
1765823531341 0.022935975342988968 314
1765823531420 0.02290796861052513 315
1765823531500 0.022880136966705322 316
1765823531579 0.02285219170153141 317
1765823531659 0.022824110463261604 318
1765823531739 0.02279609441757202 319
1765823531818 0.022767875343561172 320
1765823531902 0.022739717736840248 321
1765823531976 0.022711386904120445 322
1765823532051 0.022682994604110718 323
1765823532128 0.022654742002487183 324
1765823532201 0.02262607216835022 325
1765823532283 0.02259759232401848 326
1765823532361 0.022568833082914352 327
1765823532436 0.022540103644132614 328
1765823532527 0.022511214017868042 329
1765823532603 0.022482316941022873 330
1765823532705 0.022453302517533302 331
1765823532788 0.022424180060625076 332
1765823532868 0.02239498868584633 333
1765823532944 0.02236567810177803 334
1765823533033 0.022336259484291077 335
1765823533117 0.022306757047772408 336
1765823533204 0.02227713353931904 337
1765823533291 0.022247401997447014 338
1765823533384 0.022217562422156334 339
1765823533480 0.022187598049640656 340
1765823533568 0.022157512605190277 341
1765823533642 0.022127313539385796 342
1765823533714 0.022096974775195122 343
1765823533795 0.022066503763198853 344
1765823533875 0.022035902366042137 345
1765823533952 0.022005153819918633 346
1765823534029 0.021974261850118637 347
1765823534103 0.021943222731351852 348
1765823534305 0.021912014111876488 349
1765823534383 0.021880658343434334 350
1765823534465 0.0218491293489933 351
1765823534545 0.021817419677972794 352
1765823534622 0.021785538643598557 353
1765823534690 0.021753475069999695 354
1765823534771 0.021721215918660164 355
1765823534846 0.02168876864016056 356
1765823534926 0.021656105294823647 357
1765823535001 0.021623237058520317 358
1765823535081 0.021590150892734528 359
1765823535153 0.021556835621595383 360
1765823535233 0.021523291245102882 361
1765823535310 0.021489500999450684 362
1765823535389 0.021455463021993637 363
1765823535468 0.021421171724796295 364
1765823535545 0.021386604756116867 365
1765823535624 0.021351773291826248 366
1765823535695 0.021316654980182648 367
1765823535772 0.02128123864531517 368
1765823535854 0.021245518699288368 369
1765823535930 0.021209485828876495 370
1765823536004 0.021173130720853806 371
1765823536087 0.021136436611413956 372
1765823536170 0.02109939604997635 373
1765823536250 0.02106199972331524 374
1765823536330 0.021024242043495178 375
1765823536406 0.020986100658774376 376
1765823536478 0.020947569981217384 377
1765823536553 0.020908627659082413 378
1765823536636 0.020869271829724312 379
1765823536716 0.020829476416110992 380
1765823536795 0.020789239555597305 381
1765823536875 0.02074853517115116 382
1765823536958 0.020707357674837112 383
1765823537038 0.020665690302848816 384
1765823537110 0.02062351070344448 385
1765823537183 0.02058081515133381 386
1765823537261 0.020537585020065308 387
1765823537342 0.020493797957897186 388
1765823537415 0.0204494409263134 389
1765823537488 0.020404499024152756 390
1765823537558 0.02035895362496376 391
1765823537641 0.020312782377004623 392
1765823537718 0.020266080275177956 393
1765823537800 0.020219357684254646 394
1765823537885 0.02017224393785 395
1765823537959 0.02012384682893753 396
1765823538040 0.02007509209215641 397
1765823538115 0.02002534084022045 398
1765823538186 0.019974924623966217 399
1765823538259 0.019923821091651917 400
1765823538335 0.019871709868311882 401
1765823538410 0.019819088280200958 402
1765823538481 0.019765470176935196 403
1765823538563 0.01971183903515339 404
1765823538642 0.019656531512737274 405
1765823538718 0.01960163377225399 406
1765823538793 0.019544634968042374 407
1765823538871 0.01948762871325016 408
1765823538942 0.019428860396146774 409
1765823539021 0.019369803369045258 410
1765823539097 0.019310247153043747 411
1765823539169 0.019249215722084045 412
1765823539252 0.01918790116906166 413
1765823539331 0.019125476479530334 414
1765823539418 0.019062519073486328 415
1765823539492 0.01899840496480465 416
1765823539569 0.018933728337287903 417
1765823539632 0.018868105486035347 418
1765823539709 0.01880192756652832 419
1765823539784 0.018734820187091827 420
1765823539868 0.01866714470088482 421
1765823539957 0.018598737195134163 422
1765823540049 0.018529843538999557 423
1765823540138 0.01846025511622429 424
1765823540225 0.018390236422419548 425
1765823540314 0.01831972412765026 426
1765823540405 0.0182491447776556 427
1765823540469 0.018178340047597885 428
1765823540551 0.01810644380748272 429
1765823540630 0.018035968765616417 430
1765823540698 0.017964601516723633 431
1765823540780 0.01789247803390026 432
1765823540943 0.017822550609707832 433
1765823541023 0.017750641331076622 434
1765823541103 0.01768130250275135 435
1765823541178 0.01761123538017273 436
1765823541262 0.017542565241456032 437
1765823541339 0.01747504621744156 438
1765823541415 0.017407704144716263 439
1765823541485 0.01734296791255474 440
1765823541566 0.017278704792261124 441
1765823541643 0.017216108739376068 442
1765823541727 0.017156504094600677 443
1765823541806 0.017099469900131226 444
1765823541885 0.017042361199855804 445
1765823541968 0.01698729582130909 446
1765823542042 0.01693565584719181 447
1765823542121 0.016886914148926735 448
1765823542186 0.016841810196638107 449
1765823542250 0.016800284385681152 450
1765823542327 0.016763916239142418 451
1765823542394 0.016728706657886505 452
1765823542459 0.016696587204933167 453
1765823542542 0.01666371524333954 454
1765823542632 0.016636420041322708 455
1765823542717 0.016608530655503273 456
1765823542795 0.01658327504992485 457
1765823542870 0.016560589894652367 458
1765823542944 0.016541749238967896 459
1765823543023 0.01652660220861435 460
1765823543100 0.016514664515852928 461
1765823543184 0.016506003215909004 462
1765823543249 0.01650184951722622 463
1765823543331 0.0165084358304739 464
1765823543411 0.016529332846403122 465
1765823543485 0.01658601127564907 466
1765823543561 0.01661226898431778 467
1765823543643 0.016541918739676476 468
1765823543725 0.016455184668302536 469
1765823543807 0.016492944210767746 470
1765823543888 0.01653345115482807 471
1765823543964 0.01646939292550087 472
1765823544038 0.016441868618130684 473
1765823544124 0.016490483656525612 474
1765823544216 0.01646842435002327 475
1765823544311 0.016423296183347702 476
1765823544397 0.01645473577082157 477
1765823544479 0.01645205169916153 478
1765823544547 0.016419459134340286 479
1765823544629 0.016429025679826736 480
1765823544708 0.016426708549261093 481
1765823544790 0.016409659758210182 482
1765823544871 0.016426419839262962 483
1765823544946 0.016401994973421097 484
1765823545026 0.01641583815217018 485
1765823545109 0.016403106972575188 486
1765823545186 0.016401533037424088 487
1765823545266 0.01640438847243786 488
1765823545346 0.016391566023230553 489
1765823545427 0.01639399491250515 490
1765823545496 0.016392331570386887 491
1765823545565 0.016388285905122757 492
1765823545643 0.016388511285185814 493
1765823545719 0.016389120370149612 494
1765823545798 0.016386188566684723 495
1765823545877 0.01638432778418064 496
1765823545942 0.01638498716056347 497
1765823546030 0.016383865848183632 498
1765823546103 0.01638142019510269 499
1765823546182 0.016380976885557175 500
1765823546271 0.016380881890654564 501
1765823546358 0.016380133107304573 502
1765823546440 0.01637914404273033 503
1765823546529 0.016378549858927727 504
1765823546614 0.016378391534090042 505
1765823546699 0.01637817919254303 506
1765823546784 0.016377577558159828 507
1765823546864 0.016376810148358345 508
1765823546946 0.01637626625597477 509
1765823547023 0.016375984996557236 510
1765823547099 0.016375694423913956 511
1765823547180 0.016375433653593063 512
1765823547259 0.016375089064240456 513
1765823547335 0.016374744474887848 514
1765823547411 0.01637446880340576 515
1765823547481 0.016374284401535988 516
1765823547558 0.0163741372525692 517
1765823547642 0.01637396402657032 518
1765823547712 0.016373734921216965 519
1765823547791 0.016373464837670326 520
1765823547867 0.01637318730354309 521
1765823547938 0.016372941434383392 522
1765823548019 0.01637282967567444 523
1765823548097 0.01637272536754608 524
1765823548171 0.01637263037264347 525
1765823548255 0.016372527927160263 526
1765823548329 0.01637241803109646 527
1765823548411 0.016372309997677803 528
1765823548488 0.01637219451367855 529
1765823548560 0.016372080892324448 530
1765823548628 0.016371959820389748 531
1765823548703 0.016371848061680794 532
1765823548784 0.01637174002826214 533
1765823548863 0.01637168601155281 534
1765823548946 0.016371633857488632 535
1765823549031 0.016371583566069603 536
1765823549109 0.016371527686715126 537
1765823549187 0.0163714699447155 538
1765823549266 0.01637141779065132 539
1765823549345 0.016371365636587143 540
1765823549423 0.016371307894587517 541
1765823549501 0.016371257603168488 542
1765823549581 0.016371197998523712 543
1765823549652 0.016371143981814384 544
1765823549733 0.016371116042137146 545
1765823549817 0.01637108437716961 546
1765823549900 0.016371063888072968 547
1765823549983 0.01637103408575058 548
1765823550056 0.01637100800871849 549
1765823550138 0.016370976343750954 550
1765823550215 0.016370952129364014 551
1765823550298 0.016370924189686775 552
1765823550370 0.016370896250009537 553
1765823550439 0.016370873898267746 554
1765823550513 0.01637084409594536 555
1765823550582 0.016370829194784164 556
1765823550664 0.01637081429362297 557
1765823550744 0.016370797529816628 558
1765823550818 0.01637078821659088 559
1765823550880 0.016370773315429688 560
1765823550959 0.016370758414268494 561
1765823551034 0.01637074537575245 562
1765823551112 0.016370728611946106 563
1765823551190 0.01637071557343006 564
1765823551271 0.016370698809623718 565
1765823551353 0.016370689496397972 566
1765823506713 0.5768247246742249 0
