1765823506698 0.33272674679756165 0
1765823506787 0.2501174509525299 1
1765823506864 0.17528735101222992 2
1765823506929 0.07428368180990219 3
1765823506992 0.019728541374206543 4
1765823507079 0.03672923147678375 5
1765823507157 0.008798079565167427 6
1765823507237 0.011297875083982944 7
1765823507317 0.016639387235045433 8
1765823507393 0.017048509791493416 9
1765823507467 0.013600406236946583 10
1765823507545 0.009477362968027592 11
1765823507617 0.007425851654261351 12
1765823507699 0.008960519917309284 13
1765823507774 0.0109882652759552 14
1765823507843 0.0108187235891819 15
1765823507920 0.00890831183642149 16
1765823507998 0.007613304071128368 17
1765823508077 0.00649929977953434 18
1765823508157 0.005907890386879444 19
1765823508237 0.005875816103070974 20
1765823508321 0.006155556999146938 21
1765823508405 0.006402458064258099 22
1765823508473 0.006380573846399784 23
1765823508539 0.0060263220220804214 24
1765823508606 0.0054317256435751915 25
1765823508669 0.004784758202731609 26
1765823508745 0.004320962354540825 27
1765823508829 0.004155459348112345 28
1765823508904 0.004030650481581688 29
1765823508981 0.00392569787800312 30
1765823509061 0.0038126858416944742 31
1765823509136 0.003728677984327078 32
1765823509220 0.0036536867264658213 33
1765823509298 0.0035016899928450584 34
1765823509361 0.003291417844593525 35
1765823509439 0.0030737307388335466 36
1765823509507 0.002872216049581766 37
1765823509585 0.0026899948716163635 38
1765823509664 0.0026015406474471092 39
1765823509743 0.0025121017824858427 40
1765823509819 0.0024232480209320784 41
1765823509894 0.0023337597958743572 42
1765823509965 0.0022433593403548002 43
1765823510037 0.0021544410847127438 44
1765823510113 0.002069542184472084 45
1765823510189 0.0019854679703712463 46
1765823510265 0.0019024427747353911 47
1765823510343 0.0018213727744296193 48
1765823510430 0.001742750988341868 49
1765823510510 0.0017042671097442508 50
1765823510588 0.0016662528505548835 51
1765823510674 0.0016286791069433093 52
1765823510745 0.0015915236435830593 53
1765823510825 0.0015547337243333459 54
1765823510903 0.0015182975912466645 55
1765823510982 0.00148225377779454 56
1765823511058 0.0014466927386820316 57
1765823511135 0.0014117562677711248 58
1765823511214 0.0013775576371699572 59
1765823511286 0.001344276824966073 60
1765823511362 0.0013119243085384369 61
1765823511436 0.0012806212762370706 62
1765823511518 0.0012504388578236103 63
1765823511596 0.0012213659938424826 64
1765823511664 0.0011933438945561647 65
1765823511743 0.001166334724985063 66
1765823511815 0.0011403223033994436 67
1765823511894 0.0011153130326420069 68
1765823511960 0.0010913732694461942 69
1765823512039 0.0010685062734410167 70
1765823512122 0.0010467179818078876 71
1765823512202 0.0010260267881676555 72
1765823512295 0.001006492180749774 73
1765823512380 0.0009881473379209638 74
1765823512445 0.000970974680967629 75
1765823512523 0.00095492007676512 76
1765823512599 0.0009399343398399651 77
1765823512677 0.0009255377226509154 78
1765823512755 0.000908240326680243 79
1765823512834 0.0008963332511484623 80
1765823512913 0.0008859640802256763 81
1765823513001 0.0008749404805712402 82
1765823513080 0.0008642664179205894 83
1765823513161 0.0008553115767426789 84
1765823513251 0.0008481215336360037 85
1765823513339 0.0008411171147599816 86
1765823513421 0.0008339459891431034 87
1765823513508 0.0008277446031570435 88
1765823513592 0.0008227545768022537 89
1765823513680 0.0008186794584617019 90
1765823513764 0.0008147621410898864 91
1765823513850 0.0008110716007649899 92
1765823513942 0.0008077679667621851 93
1765823514033 0.0008050589822232723 94
1765823514114 0.000802904658485204 95
1765823514192 0.0008009449811652303 96
1765823514267 0.0007989121368154883 97
1765823514348 0.0007971004233695567 98
1765823514418 0.0007957058260217309 99
1765823514493 0.0007945704273879528 100
1765823514560 0.0007935859030112624 101
1765823514632 0.0007926241960376501 102
1765823514705 0.0007916515460237861 103
1765823514783 0.0007907220278866589 104
1765823514854 0.000789889192674309 105
1765823514936 0.0007891268469393253 106
1765823515016 0.0007883384241722524 107
1765823515093 0.0007874463335610926 108
1765823515169 0.0007864835788495839 109
1765823515248 0.0007854891009628773 110
1765823515324 0.0007844885694794357 111
1765823515400 0.0007834599236957729 112
1765823515479 0.0007823525229468942 113
1765823515557 0.0007811709656380117 114
1765823515635 0.0007799678132869303 115
1765823515715 0.000778748479206115 116
1765823515793 0.0007775205885991454 117
1765823515875 0.0007762776804156601 118
1765823515957 0.0007750021177344024 119
1765823516037 0.0007737089763395488 120
1765823516117 0.0007724269526079297 121
1765823516193 0.0007711554644629359 122
1765823516257 0.0007698872359469533 123
1765823516335 0.0007686174940317869 124
1765823516406 0.0007673510117456317 125
1765823516491 0.00076610705582425 126
1765823516565 0.0007648779428564012 127
1765823516627 0.0007636539521627128 128
1765823516699 0.0007624292629770935 129
1765823516779 0.0007612119079567492 130
1765823516851 0.0007600026438012719 131
1765823516925 0.0007588093867525458 132
1765823517003 0.0007576089119538665 133
1765823517079 0.000756391033064574 134
1765823517158 0.0007551826420240104 135
1765823517241 0.0007539773359894753 136
1765823517321 0.0007527645211666822 137
1765823517396 0.0007515414617955685 138
1765823517472 0.0007503113592974842 139
1765823517552 0.0007490782882086933 140
1765823517629 0.0007478427141904831 141
1765823517697 0.0007465931703336537 142
1765823517777 0.0007453329162672162 143
1765823517857 0.0007440748740918934 144
1765823517940 0.0007428133976645768 145
1765823518024 0.0007415456348098814 146
1765823518095 0.000740267219953239 147
1765823518175 0.0007389846141450107 148
1765823518257 0.0007376972353085876 149
1765823518336 0.0007364099146798253 150
1765823518416 0.000735104491468519 151
1765823518489 0.0007337942370213568 152
1765823518560 0.0007324887556023896 153
1765823518643 0.0007311783847399056 154
1765823518722 0.0007298612035810947 155
1765823518791 0.0007285435567609966 156
1765823518866 0.0007272276561707258 157
1765823518942 0.0007259054691530764 158
1765823519006 0.0007245809538289905 159
1765823519079 0.0007232570205815136 160
1765823519144 0.0007219284889288247 161
1765823519227 0.0007206004811450839 162
1765823519305 0.0007192686898633838 163
1765823519377 0.0007179343374446034 164
1765823519459 0.0007165999850258231 165
1765823519534 0.0007152622565627098 166
1765823519615 0.0007139232475310564 167
1765823519697 0.0007125819101929665 168
1765823519786 0.0007112428429536521 169
1765823519875 0.0007099079666659236 170
1765823519969 0.0007085695397108793 171
1765823520062 0.0007072354783304036 172
1765823520152 0.0007058978080749512 173
1765823520240 0.0007045548991300166 174
1765823520317 0.0007032199646346271 175
1765823520397 0.0007018824107944965 176
1765823520476 0.0007005496299825609 177
1765823520560 0.0006992338458076119 178
1765823520638 0.0006979331374168396 179
1765823520700 0.0006966248038224876 180
1765823520786 0.0006953143747523427 181
1765823520864 0.0006940130260773003 182
1765823520938 0.0006927135400474072 183
1765823521018 0.0006914118421263993 184
1765823521087 0.0006901110173203051 185
1765823521170 0.0006888143252581358 186
1765823521242 0.0006875196122564375 187
1765823521324 0.0006862241425551474 188
1765823521409 0.0006849279161542654 189
1765823521509 0.0006836385000497103 190
1765823521601 0.0006823508883826435 191
1765823521693 0.0006810639169998467 192
1765823521772 0.0006797765381634235 193
1765823521852 0.0006784892175346613 194
1765823521935 0.000677203293889761 195
1765823522073 0.0006759206880815327 196
1765823522151 0.0006746404687874019 197
1765823522238 0.0006733600166626275 198
1765823522331 0.0006720800884068012 199
1765823522440 0.0006708010332658887 200
1765823522535 0.0006695224437862635 201
1765823522630 0.0006682434468530118 202
1765823522721 0.0006669646827504039 203
1765823522817 0.0006656871410086751 204
1765823522914 0.0006644094828516245 205
1765823522981 0.0006631318829022348 206
1765823523062 0.0006618542829528451 207
1765823523139 0.0006605769158340991 208
1765823523205 0.0006592997233383358 209
1765823523278 0.0006580225308425725 210
1765823523340 0.0006567455711774528 211
1765823523420 0.000655468727927655 212
1765823523495 0.000654192001093179 213
1765823523571 0.0006529155652970076 214
1765823523654 0.0006516388966701925 215
1765823523738 0.0006503624026663601 216
1765823523820 0.0006490860250778496 217
1765823523906 0.0006478096474893391 218
1765823523985 0.0006465336191467941 219
1765823524066 0.0006452573579736054 220
1765823524147 0.0006439815042540431 221
1765823524221 0.0006427054759114981 222
1765823524294 0.0006414297386072576 223
1765823524363 0.0006401537684723735 224
1765823524436 0.0006388779729604721 225
1765823524516 0.0006376022938638926 226
1765823524584 0.0006363269640132785 227
1765823524696 0.0006350515759550035 228
1765823524784 0.0006337761296890676 229
1765823524854 0.0006325010326690972 230
1765823524925 0.0006312259356491268 231
1765823525003 0.0006299509550444782 232
1765823525087 0.0006286762072704732 233
1765823525164 0.000627401634119451 234
1765823525239 0.000626126944553107 235
1765823525313 0.0006248524878174067 236
1765823525395 0.0006235781474970281 237
1765823525467 0.0006223036907613277 238
1765823525543 0.0006210296996869147 239
1765823525619 0.0006197557668201625 240
1765823525694 0.0006184852099977434 241
1765823525767 0.0006172124412842095 242
1765823525841 0.0006159422337077558 243
1765823525909 0.0006146693485789001 244
1765823525982 0.0006133961724117398 245
1765823526058 0.0006121300393715501 246
1765823526140 0.0006108572124503553 247
1765823526220 0.0006095834542065859 248
1765823526299 0.0006083176704123616 249
1765823526375 0.0006070448434911668 250
1765823526444 0.0006057773716747761 251
1765823526527 0.0006045099580660462 252
1765823526614 0.000603239459451288 253
1765823526700 0.0006019693100824952 254
1765823526789 0.0006007016636431217 255
1765823526880 0.0005994326202198863 256
1765823526967 0.0005981620633974671 257
1765823527056 0.0005968934274278581 258
1765823527130 0.0005956334643997252 259
1765823527207 0.0005943675059825182 260
1765823527281 0.0005930953775532544 261
1765823527361 0.0005918310489505529 262
1765823527425 0.0005905600846745074 263
1765823527503 0.0005892942426726222 264
1765823527568 0.0005880294484086335 265
1765823527640 0.0005867650033906102 266
1765823527714 0.0005855008494108915 267
1765823527791 0.0005842348327860236 268
1765823527872 0.0005829707370139658 269
1765823527950 0.0005817062919959426 270
1765823528028 0.0005804436514154077 271
1765823528108 0.0005791772273369133 272
1765823528187 0.0005779170896857977 273
1765823528267 0.0005766493850387633 274
1765823528344 0.0005753943114541471 275
1765823528422 0.0005741303903050721 276
1765823528507 0.0005728593678213656 277
1765823528589 0.0005716137238778174 278
1765823528666 0.0005703416536562145 279
1765823528743 0.0005690800026059151 280
1765823528821 0.0005678254528902471 281
1765823528900 0.0005665505887009203 282
1765823528968 0.0005652974941767752 283
1765823529045 0.0005640355520881712 284
1765823529119 0.0005627627251669765 285
1765823529199 0.0005615072441287339 286
1765823529271 0.0005602380842901766 287
1765823529351 0.0005589856882579625 288
1765823529429 0.0005577228148467839 289
1765823529503 0.0005564510938711464 290
1765823529584 0.0005552090588025749 291
1765823529665 0.0005539360572583973 292
1765823529745 0.0005526711465790868 293
1765823529806 0.0005514158401638269 294
1765823529885 0.0005501379491761327 295
1765823529964 0.0005488794413395226 296
1765823530044 0.0005476121441461146 297
1765823530122 0.0005463547422550619 298
1765823530197 0.0005450902390293777 299
1765823530279 0.0005438206717371941 300
1765823530347 0.0005425675772130489 301
1765823530409 0.0005412899190559983 302
1765823530486 0.0005400259979069233 303
1765823530562 0.0005387585260905325 304
1765823530636 0.0005374915199354291 305
1765823530720 0.0005362227675504982 306
1765823530800 0.0005349571583792567 307
1765823530877 0.0005336848553270102 308
1765823530940 0.0005324197118170559 309
1765823531018 0.0005311457207426429 310
1765823531097 0.0005298759206198156 311
1765823531169 0.0005286047235131264 312
1765823531251 0.0005273253773339093 313
1765823531330 0.000526058953255415 314
1765823531408 0.0005247750086709857 315
1765823531491 0.0005235006683506072 316
1765823531568 0.0005222226609475911 317
1765823531648 0.0005209399969317019 318
1765823531729 0.0005196619313210249 319
1765823531807 0.0005183761240914464 320
1765823531891 0.0005170947406440973 321
1765823531967 0.0005158070707693696 322
1765823532041 0.0005145182367414236 323
1765823532118 0.0005132373771630228 324
1765823532192 0.0005119391717016697 325
1765823532273 0.0005106511525809765 326
1765823532350 0.0005093521904200315 327
1765823532422 0.000508056313265115 328
1765823532516 0.0005067547899670899 329
1765823532592 0.0005054546054452658 330
1765823532688 0.0005041507538408041 331
1765823532777 0.000502843817230314 332
1765823532856 0.000501535483635962 333
1765823532933 0.0005002235411666334 334
1765823533023 0.0004989085136912763 335
1765823533106 0.0004975914489477873 336
1765823533192 0.0004962706589139998 337
1765823533280 0.0004949469002895057 338
1765823533371 0.0004936200566589832 339
1765823533466 0.0004922895459458232 340
1765823533558 0.0004909553681500256 341
1765823533631 0.0004896179889328778 342
1765823533703 0.00048827630234882236 343
1765823533786 0.00048693062853999436 344
1765823533864 0.0004855810257140547 345
1765823533943 0.00048422676627524197 346
1765823534018 0.0004828681703656912 347
1765823534094 0.0004815050051547587 348
1765823534296 0.0004801363975275308 349
1765823534373 0.0004787631914950907 350
1765823534456 0.0004773844266310334 351
1765823534534 0.0004759998118970543 352
1765823534613 0.00047460972564294934 353
1765823534681 0.0004732137022074312 354
1765823534761 0.0004718112468253821 355
1765823534835 0.00047040265053510666 356
1765823534916 0.0004689869238063693 357
1765823534992 0.00046756441588513553 358
1765823535072 0.0004661346320062876 359
1765823535141 0.00046469716471619904 360
1765823535223 0.0004632520431187004 361
1765823535299 0.000461798656033352 362
1765823535379 0.0004603368870448321 363
1765823535457 0.0004588665906339884 364
1765823535535 0.0004573868936859071 365
1765823535614 0.00045589820365421474 366
1765823535685 0.00045439976383931935 367
1765823535763 0.00045289110857993364 368
1765823535843 0.0004513720632530749 369
1765823535921 0.0004498422786127776 370
1765823535993 0.0004483014636207372 371
1765823536076 0.00044674891978502274 372
1765823536159 0.0004451845306903124 373
1765823536240 0.0004436078015714884 374
1765823536321 0.0004420187615323812 375
1765823536395 0.0004404163919389248 376
1765823536467 0.0004388006927911192 377
1765823536545 0.00043717073276638985 378
1765823536626 0.0004355264827609062 379
1765823536707 0.00043386706965975463 380
1765823536785 0.00043219246435910463 381
1765823536866 0.0004305016773287207 382
1765823536948 0.0004287946503609419 383
1765823537025 0.0004270707431714982 384
1765823537101 0.00042532922816462815 385
1765823537172 0.00042356998892500997 386
1765823537251 0.00042179241427220404 387
1765823537331 0.00041999577661044896 388
1765823537405 0.0004181796102784574 389
1765823537478 0.0004163435660302639 390
1765823537549 0.0004144870035815984 391
1765823537632 0.0004126091080252081 392
1765823537709 0.00041071404120884836 393
1765823537788 0.00040882243774831295 394
1765823537873 0.00040691945469006896 395
1765823537950 0.0004049692361149937 396
1765823538029 0.00040300932596437633 397
1765823538106 0.0004010142874903977 398
1765823538174 0.00039899759576655924 399
1765823538248 0.00039695861050859094 400
1765823538326 0.0003948848170693964 401
1765823538399 0.0003927962388843298 402
1765823538470 0.0003906738420482725 403
1765823538554 0.000388556596590206 404
1765823538633 0.0003863792517222464 405
1765823538710 0.00038422405486926436 406
1765823538782 0.00038199275149963796 407
1765823538860 0.00037976764724589884 408
1765823538932 0.0003774806100409478 409
1765823539010 0.0003751892945729196 410
1765823539087 0.00037288563908077776 411
1765823539159 0.00037053233245387673 412
1765823539240 0.0003681755333673209 413
1765823539321 0.00036578383878804743 414
1765823539409 0.0003633796004578471 415
1765823539483 0.0003609393606893718 416
1765823539560 0.0003584860824048519 417
1765823539622 0.00035600538831204176 418
1765823539700 0.0003535124706104398 419
1765823539774 0.000350993504980579 420
1765823539855 0.0003484622575342655 421
1765823539945 0.0003459129948168993 422
1765823540039 0.0003433551173657179 423
1765823540127 0.0003407809999771416 424
1765823540213 0.0003382007998879999 425
1765823540303 0.000335612305207178 426
1765823540394 0.000333031261106953 427
1765823540460 0.0003304520796518773 428
1765823540539 0.00032784329960122705 429
1765823540620 0.00032529616146348417 430
1765823540688 0.0003227269044145942 431
1765823540771 0.0003201407671440393 432
1765823540932 0.00031764330924488604 433
1765823541014 0.00031508528627455235 434
1765823541094 0.00031262842821888626 435
1765823541166 0.0003101555921602994 436
1765823541251 0.0003077416040468961 437
1765823541330 0.00030537720886059105 438
1765823541406 0.0003030281513929367 439
1765823541475 0.00030077851261012256 440
1765823541557 0.0002985536411870271 441
1765823541634 0.0002963943697977811 442
1765823541716 0.0002943456347566098 443
1765823541797 0.00029239189461804926 444
1765823541873 0.0002904420834966004 445
1765823541957 0.00028856820426881313 446
1765823542031 0.00028681644471362233 447
1765823542112 0.00028516785823740065 448
1765823542177 0.0002836465719155967 449
1765823542240 0.0002822495298460126 450
1765823542318 0.0002810289151966572 451
1765823542385 0.0002798496570903808 452
1765823542449 0.0002787760167848319 453
1765823542530 0.0002776794135570526 454
1765823542620 0.0002767704427242279 455
1765823542707 0.00027584328199736774 456
1765823542785 0.0002750050334725529 457
1765823542859 0.0002742531069088727 458
1765823542934 0.00027362947002984583 459
1765823543014 0.000273128564003855 460
1765823543090 0.00027273414889350533 461
1765823543173 0.000272448145551607 462
1765823543239 0.0002723110083024949 463
1765823543321 0.0002725284721236676 464
1765823543401 0.0002732188149821013 465
1765823543475 0.00027509575011208653 466
1765823543552 0.0002759674971457571 467
1765823543632 0.0002736350579652935 468
1765823543714 0.0002707730745896697 469
1765823543796 0.0002720172342378646 470
1765823543877 0.00027335502090863883 471
1765823543954 0.0002712409186642617 472
1765823544028 0.0002703350328374654 473
1765823544113 0.0002719360636547208 474
1765823544204 0.0002712090208660811 475
1765823544298 0.00026972463820129633 476
1765823544386 0.00027075831894762814 477
1765823544469 0.0002706700179260224 478
1765823544537 0.00026959864771924913 479
1765823544618 0.0002699128817766905 480
1765823544697 0.0002698367752600461 481
1765823544779 0.00026927696308121085 482
1765823544860 0.00026982725830748677 483
1765823544937 0.00026902544777840376 484
1765823545015 0.0002694797294680029 485
1765823545100 0.0002690619439817965 486
1765823545174 0.00026901031378656626 487
1765823545255 0.000269103969912976 488
1765823545335 0.0002686834195628762 489
1765823545418 0.00026876304764300585 490
1765823545488 0.0002687085361685604 491
1765823545555 0.00026857591001316905 492
1765823545633 0.0002685833314899355 493
1765823545710 0.00026860329671762884 494
1765823545788 0.00026850716676563025 495
1765823545868 0.0002684461942408234 496
1765823545933 0.00026846781838685274 497
1765823546019 0.00026843108935281634 498
1765823546093 0.0002683509374037385 499
1765823546172 0.0002683364145923406 500
1765823546259 0.0002683333004824817 501
1765823546348 0.00026830873684957623 502
1765823546428 0.0002682763442862779 503
1765823546517 0.00026825687382370234 504
1765823546603 0.0002682517224457115 505
1765823546689 0.00026824476663023233 506
1765823546775 0.0002682250633370131 507
1765823546852 0.00026819988852366805 508
1765823546935 0.000268182106083259 509
1765823547013 0.00026817290927283466 510
1765823547090 0.00026816336321644485 511
1765823547170 0.00026815480669029057 512
1765823547250 0.0002681435435079038 513
1765823547326 0.00026813228032551706 514
1765823547402 0.00026812319993041456 515
1765823547471 0.00026811717543751 516
1765823547549 0.00026811237330548465 517
1765823547630 0.0002681066980585456 518
1765823547703 0.0002680992183741182 519
1765823547780 0.00026809037080965936 520
1765823547857 0.00026808123220689595 521
1765823547928 0.0002680731995496899 522
1765823548010 0.00026806953246705234 523
1765823548087 0.0002680661273188889 524
1765823548161 0.00026806301320903003 525
1765823548244 0.0002680596662685275 526
1765823548319 0.00026805608649738133 527
1765823548401 0.0002680525358300656 528
1765823548476 0.00026804875233210623 529
1765823548551 0.00026804502704180777 530
1765823548619 0.0002680410980246961 531
1765823548693 0.00026803743094205856 532
1765823548773 0.0002680338511709124 533
1765823548854 0.000268032104941085 534
1765823548935 0.0002680304169189185 535
1765823549019 0.000268028728896752 536
1765823549099 0.0002680268953554332 537
1765823549176 0.00026802500360645354 538
1765823549256 0.0002680233446881175 539
1765823549334 0.0002680215984582901 540
1765823549413 0.00026801973581314087 541
1765823549491 0.0002680180477909744 542
1765823549572 0.00026801612693816423 543
1765823549641 0.0002680143516045064 544
1765823549722 0.0002680134493857622 545
1765823549806 0.00026801243075169623 546
1765823549889 0.0002680117613635957 547
1765823549973 0.00026801074272952974 548
1765823550047 0.0002680098987184465 549
1765823550128 0.0002680088800843805 550
1765823550205 0.0002680080651771277 551
1765823550286 0.0002680071338545531 552
1765823550361 0.0002680062607396394 553
1765823550430 0.0002680055040400475 554
1765823550504 0.00026800454361364245 555
1765823550573 0.00026800407795235515 556
1765823550653 0.0002680035540834069 557
1765823550733 0.00026800300111062825 558
1765823550808 0.0002680026809684932 559
1765823550871 0.0002680022153072059 560
1765823550951 0.00026800172054208815 561
1765823551025 0.0002680012839846313 562
1765823551101 0.0002680007310118526 563
1765823551180 0.00026800032355822623 564
1765823551261 0.000267999799689278 565
1765823551342 0.0002679994504433125 566
1765823506698 0.33272674679756165 0
