1765823506727 0.5578860640525818 0
1765823506808 0.4801703989505768 1
1765823506882 0.39646726846694946 2
1765823506947 0.24744486808776855 3
1765823507015 0.12029513716697693 4
1765823507096 0.1766441911458969 5
1765823507175 0.07253377139568329 6
1765823507258 0.0910675898194313 7
1765823507338 0.11040975898504257 8
1765823507412 0.11175298690795898 9
1765823507484 0.10012513399124146 10
1765823507562 0.08259297162294388 11
1765823507637 0.06871728599071503 12
1765823507719 0.07295209914445877 13
1765823507793 0.08389364182949066 14
1765823507860 0.08356877416372299 15
1765823507940 0.07414063811302185 16
1765823508019 0.06753471493721008 17
1765823508096 0.062746562063694 18
1765823508177 0.06105790659785271 19
1765823508259 0.06253927201032639 20
1765823508342 0.06511245667934418 21
1765823508424 0.06681259721517563 22
1765823508493 0.0667794793844223 23
1765823508559 0.06470159441232681 24
1765823508623 0.061083968728780746 25
1765823508687 0.056738074868917465 26
1765823508768 0.0532255545258522 27
1765823508850 0.051803819835186005 28
1765823508925 0.050545480102300644 29
1765823509001 0.04965579882264137 30
1765823509079 0.04880097508430481 31
1765823509159 0.04825758934020996 32
1765823509239 0.047915346920490265 33
1765823509316 0.04700900986790657 34
1765823509380 0.045612528920173645 35
1765823509457 0.044072799384593964 36
1765823509527 0.042668864130973816 37
1765823509604 0.041395168751478195 38
1765823509682 0.040755387395620346 39
1765823509762 0.04007892310619354 40
1765823509836 0.0393754206597805 41
1765823509912 0.03864859789609909 42
1765823509984 0.03789887577295303 43
1765823510058 0.03714853897690773 44
1765823510134 0.03641866520047188 45
1765823510207 0.035690125077962875 46
1765823510282 0.03496219590306282 47
1765823510366 0.034236978739500046 48
1765823510448 0.03352148085832596 49
1765823510533 0.033163558691740036 50
1765823510610 0.03280417621135712 51
1765823510692 0.03244350478053093 52
1765823510766 0.03208056464791298 53
1765823510844 0.031716108322143555 54
1765823510921 0.031343117356300354 55
1765823511001 0.03096180409193039 56
1765823511076 0.03057338297367096 57
1765823511155 0.030180523172020912 58
1765823511232 0.029792286455631256 59
1765823511305 0.02941237762570381 60
1765823511381 0.029034961014986038 61
1765823511455 0.028663678094744682 62
1765823511536 0.028301414102315903 63
1765823511615 0.02794654667377472 64
1765823511683 0.027604058384895325 65
1765823511765 0.027275610715150833 66
1765823511833 0.026962077245116234 67
1765823511914 0.02666614204645157 68
1765823511978 0.026395251974463463 69
1765823512062 0.02614068239927292 70
1765823512142 0.02589605376124382 71
1765823512228 0.0256601981818676 72
1765823512317 0.02543262392282486 73
1765823512399 0.025220971554517746 74
1765823512467 0.025029895827174187 75
1765823512541 0.024852635338902473 76
1765823512617 0.02470247820019722 77
1765823512695 0.024552056565880775 78
1765823512774 0.024337338283658028 79
1765823512852 0.024180669337511063 80
1765823512941 0.024050580337643623 81
1765823513020 0.02392713725566864 82
1765823513099 0.023813413456082344 83
1765823513183 0.02371421456336975 84
1765823513275 0.02362687885761261 85
1765823513358 0.02353358082473278 86
1765823513442 0.023434247821569443 87
1765823513528 0.023351481184363365 88
1765823513614 0.023282518610358238 89
1765823513702 0.023230846971273422 90
1765823513785 0.02318434976041317 91
1765823513873 0.023138312622904778 92
1765823513965 0.02309183031320572 93
1765823514053 0.023052096366882324 94
1765823514133 0.023020731285214424 95
1765823514210 0.02299286425113678 96
1765823514288 0.022964417934417725 97
1765823514365 0.02293987199664116 98
1765823514436 0.02292376197874546 99
1765823514514 0.022910170257091522 100
1765823514579 0.022896960377693176 101
1765823514651 0.02288481965661049 102
1765823514725 0.022872107103466988 103
1765823514801 0.022858379408717155 104
1765823514875 0.022844890132546425 105
1765823514956 0.02283303439617157 106
1765823515036 0.022820979356765747 107
1765823515113 0.022808454930782318 108
1765823515191 0.022795522585511208 109
1765823515266 0.02278292179107666 110
1765823515345 0.022770071402192116 111
1765823515419 0.022756056860089302 112
1765823515499 0.02274005115032196 113
1765823515575 0.022722160443663597 114
1765823515653 0.022703491151332855 115
1765823515733 0.022685013711452484 116
1765823515815 0.02266661636531353 117
1765823515896 0.022648004814982414 118
1765823515978 0.022629229351878166 119
1765823516057 0.02261052466928959 120
1765823516135 0.022592274472117424 121
1765823516214 0.02257363125681877 122
1765823516275 0.02255445159971714 123
1765823516354 0.022534707561135292 124
1765823516427 0.02251451089978218 125
1765823516513 0.02249542623758316 126
1765823516584 0.022476928308606148 127
1765823516644 0.022458849474787712 128
1765823516718 0.022440645843744278 129
1765823516798 0.022422391921281815 130
1765823516871 0.022404087707400322 131
1765823516945 0.02238582633435726 132
1765823517021 0.02236744575202465 133
1765823517097 0.022349240258336067 134
1765823517180 0.022331133484840393 135
1765823517261 0.022313158959150314 136
1765823517339 0.022294891998171806 137
1765823517414 0.022276325151324272 138
1765823517493 0.02225750871002674 139
1765823517569 0.022238539531826973 140
1765823517650 0.022219659760594368 141
1765823517717 0.022200630977749825 142
1765823517795 0.022181421518325806 143
1765823517879 0.02216220274567604 144
1765823517963 0.022142905741930008 145
1765823518042 0.022123368456959724 146
1765823518113 0.02210358902812004 147
1765823518195 0.022083906456828117 148
1765823518277 0.022064147517085075 149
1765823518356 0.022044366225600243 150
1765823518438 0.02202429622411728 151
1765823518508 0.022004246711730957 152
1765823518581 0.021984828636050224 153
1765823518664 0.021965300664305687 154
1765823518738 0.021945370361208916 155
1765823518809 0.02192513272166252 156
1765823518883 0.02190520614385605 157
1765823518961 0.021885419264435768 158
1765823519024 0.02186601608991623 159
1765823519098 0.021846331655979156 160
1765823519164 0.02182607166469097 161
1765823519246 0.021805541589856148 162
1765823519325 0.021785346791148186 163
1765823519407 0.02176545560359955 164
1765823519477 0.021745245903730392 165
1765823519552 0.021724650636315346 166
1765823519634 0.021703749895095825 167
1765823519718 0.02168317325413227 168
1765823519808 0.02166290022432804 169
1765823519902 0.02164248377084732 170
1765823519993 0.0216217078268528 171
1765823520088 0.021601084619760513 172
1765823520175 0.021580655127763748 173
1765823520258 0.021560387685894966 174
1765823520336 0.021540259942412376 175
1765823520415 0.021519729867577553 176
1765823520497 0.021498825401067734 177
1765823520580 0.02147793397307396 178
1765823520655 0.021457284688949585 179
1765823520723 0.02143685333430767 180
1765823520805 0.021416671574115753 181
1765823520885 0.021396484225988388 182
1765823520957 0.021376200020313263 183
1765823521037 0.021355701610445976 184
1765823521106 0.02133508399128914 185
1765823521191 0.021314652636647224 186
1765823521262 0.02129446156322956 187
1765823521341 0.02127443626523018 188
1765823521433 0.02125433459877968 189
1765823521532 0.021234525367617607 190
1765823521626 0.021214904263615608 191
1765823521713 0.021195201203227043 192
1765823521794 0.021175406873226166 193
1765823521873 0.021155554801225662 194
1765823521966 0.02113584615290165 195
1765823522091 0.021116189658641815 196
1765823522171 0.021096592769026756 197
1765823522261 0.021077001467347145 198
1765823522360 0.02105739153921604 199
1765823522463 0.02103773131966591 200
1765823522559 0.02101798541843891 201
1765823522653 0.020998146384954453 202
1765823522746 0.020978456363081932 203
1765823522844 0.02095874957740307 204
1765823522935 0.02093897946178913 205
1765823523000 0.020919159054756165 206
1765823523081 0.020899290218949318 207
1765823523157 0.020879464223980904 208
1765823523223 0.020859595388174057 209
1765823523297 0.02083967626094818 210
1765823523358 0.02081972546875477 211
1765823523439 0.020799724385142326 212
1765823523516 0.020779648795723915 213
1765823523593 0.020759494975209236 214
1765823523675 0.02073925919830799 215
1765823523759 0.020719049498438835 216
1765823523841 0.020698774605989456 217
1765823523925 0.020678436383605003 218
1765823524004 0.02065802924335003 219
1765823524087 0.020637555047869682 220
1765823524165 0.02061701938509941 221
1765823524239 0.020596422255039215 222
1765823524311 0.020575765520334244 223
1765823524382 0.0205550417304039 224
1765823524456 0.02053426019847393 225
1765823524537 0.020513411611318588 226
1765823524608 0.02049250900745392 227
1765823524723 0.02047153376042843 228
1765823524804 0.02045060135424137 229
1765823524872 0.02042970061302185 230
1765823524943 0.020408760756254196 231
1765823525026 0.020387737080454826 232
1765823525104 0.02036665752530098 233
1765823525184 0.0203455351293087 234
1765823525256 0.02032436430454254 235
1765823525333 0.02030358463525772 236
1765823525414 0.02028290554881096 237
1765823525489 0.02026214823126793 238
1765823525560 0.020241335034370422 239
1765823525641 0.020220432430505753 240
1765823525713 0.020199524238705635 241
1765823525786 0.02017989195883274 242
1765823525862 0.020159438252449036 243
1765823525927 0.02013787254691124 244
1765823526001 0.02011694945394993 245
1765823526079 0.02009659633040428 246
1765823526159 0.020074978470802307 247
1765823526241 0.020052487030625343 248
1765823526316 0.020030034705996513 249
1765823526398 0.02000965178012848 250
1765823526462 0.01998925767838955 251
1765823526548 0.019968174397945404 252
1765823526635 0.019946234300732613 253
1765823526722 0.019923796877264977 254
1765823526817 0.01990148052573204 255
1765823526901 0.019879721105098724 256
1765823526993 0.01985851861536503 257
1765823527075 0.01983747072517872 258
1765823527148 0.01981743425130844 259
1765823527225 0.019795700907707214 260
1765823527299 0.01977231167256832 261
1765823527382 0.01975015550851822 262
1765823527443 0.019729241728782654 263
1765823527524 0.019707560539245605 264
1765823527589 0.01968523859977722 265
1765823527658 0.01966419816017151 266
1765823527732 0.019642522558569908 267
1765823527810 0.01962018571794033 268
1765823527894 0.019597606733441353 269
1765823527968 0.019576627761125565 270
1765823528046 0.019554995000362396 271
1765823528126 0.019532419741153717 272
1765823528206 0.019509300589561462 273
1765823528286 0.019487611949443817 274
1765823528362 0.01946685090661049 275
1765823528444 0.019444303587079048 276
1765823528528 0.019420282915234566 277
1765823528606 0.019396746531128883 278
1765823528687 0.019374778494238853 279
1765823528763 0.019354190677404404 280
1765823528842 0.019332189112901688 281
1765823528917 0.019308334216475487 282
1765823528987 0.019283903762698174 283
1765823529065 0.01926106959581375 284
1765823529140 0.019239554181694984 285
1765823529220 0.01921727880835533 286
1765823529290 0.019193463027477264 287
1765823529371 0.01916908286511898 288
1765823529449 0.0191459059715271 289
1765823529522 0.019123706966638565 290
1765823529606 0.01910182274878025 291
1765823529684 0.01907753013074398 292
1765823529763 0.019052010029554367 293
1765823529824 0.019027916714549065 294
1765823529903 0.01900503970682621 295
1765823529984 0.01898188143968582 296
1765823530063 0.018957603722810745 297
1765823530141 0.018932998180389404 298
1765823530216 0.018909089267253876 299
1765823530297 0.018885497003793716 300
1765823530366 0.01886225864291191 301
1765823530426 0.018837325274944305 302
1765823530504 0.018812665715813637 303
1765823530583 0.018788490444421768 304
1765823530659 0.018764853477478027 305
1765823530739 0.018740352243185043 306
1765823530820 0.01871521957218647 307
1765823530897 0.0186909269541502 308
1765823530958 0.01866764761507511 309
1765823531038 0.018642853945493698 310
1765823531115 0.01861688308417797 311
1765823531188 0.018591992557048798 312
1765823531270 0.01856829971075058 313
1765823531350 0.018544793128967285 314
1765823531430 0.018518615514039993 315
1765823531509 0.01849241927266121 316
1765823531589 0.018467048183083534 317
1765823531670 0.018442464992403984 318
1765823531748 0.018417857587337494 319
1765823531829 0.0183909609913826 320
1765823531911 0.018364517018198967 321
1765823531985 0.018339037895202637 322
1765823532062 0.018313899636268616 323
1765823532136 0.01828846149146557 324
1765823532213 0.018260998651385307 325
1765823532292 0.018234211951494217 326
1765823532370 0.018208397552371025 327
1765823532449 0.018183084204792976 328
1765823532538 0.018156245350837708 329
1765823532615 0.018129384145140648 330
1765823532714 0.018102917820215225 331
1765823532800 0.018076516687870026 332
1765823532877 0.018049925565719604 333
1765823532955 0.018023207783699036 334
1765823533043 0.017996959388256073 335
1765823533126 0.017971154302358627 336
1765823533215 0.01794511266052723 337
1765823533304 0.017918847501277924 338
1765823533397 0.01789257861673832 339
1765823533493 0.017866183072328568 340
1765823533577 0.017839588224887848 341
1765823533652 0.017812805250287056 342
1765823533725 0.01778583787381649 343
1765823533803 0.017758673056960106 344
1765823533884 0.017731299623847008 345
1765823533961 0.017703700810670853 346
1765823534038 0.01767588034272194 347
1765823534112 0.017647940665483475 348
1765823534313 0.017619729042053223 349
1765823534394 0.017591377720236778 350
1765823534474 0.01756340265274048 351
1765823534555 0.017535420134663582 352
1765823534631 0.017507165670394897 353
1765823534699 0.01747872494161129 354
1765823534779 0.017450127750635147 355
1765823534856 0.017421532422304153 356
1765823534936 0.01739259622991085 357
1765823535011 0.01736331544816494 358
1765823535090 0.01733374036848545 359
1765823535163 0.017303915694355965 360
1765823535242 0.01727406308054924 361
1765823535318 0.017243867740035057 362
1765823535398 0.01721324771642685 363
1765823535476 0.017182249575853348 364
1765823535554 0.017150944098830223 365
1765823535632 0.01711934059858322 366
1765823535704 0.01708734966814518 367
1765823535782 0.017054947093129158 368
1765823535865 0.017022263258695602 369
1765823535939 0.01698956824839115 370
1765823536014 0.01695658266544342 371
1765823536096 0.016923293471336365 372
1765823536179 0.01688992977142334 373
1765823536260 0.016856282949447632 374
1765823536339 0.01682247780263424 375
1765823536414 0.016788169741630554 376
1765823536487 0.016753338277339935 377
1765823536564 0.016717994585633278 378
1765823536646 0.01668214611709118 379
1765823536725 0.016645748168230057 380
1765823536806 0.016608841717243195 381
1765823536886 0.016571329906582832 382
1765823536966 0.01653321087360382 383
1765823537047 0.01649477891623974 384
1765823537118 0.016455702483654022 385
1765823537192 0.01641625165939331 386
1765823537272 0.016376610845327377 387
1765823537351 0.016336290165781975 388
1765823537424 0.016295425593852997 389
1765823537496 0.016254009678959846 390
1765823537568 0.016211790964007378 391
1765823537651 0.01616893708705902 392
1765823537727 0.016125323250889778 393
1765823537810 0.01607881672680378 394
1765823537894 0.01603373885154724 395
1765823537969 0.015989648178219795 396
1765823538048 0.015944920480251312 397
1765823538124 0.015898019075393677 398
1765823538195 0.015850946307182312 399
1765823538270 0.015803564339876175 400
1765823538343 0.015756072476506233 401
1765823538421 0.015707744285464287 402
1765823538492 0.015658164396882057 403
1765823538573 0.01560846995562315 404
1765823538650 0.015557932667434216 405
1765823538727 0.0155071672052145 406
1765823538803 0.015453970991075039 407
1765823538879 0.015400867909193039 408
1765823538950 0.015347732231020927 409
1765823539031 0.015293003991246223 410
1765823539106 0.015237203799188137 411
1765823539179 0.015181032009422779 412
1765823539263 0.015123499557375908 413
1765823539348 0.01506426278501749 414
1765823539428 0.015005093067884445 415
1765823539501 0.014946061186492443 416
1765823539578 0.01488811057060957 417
1765823539641 0.014828375540673733 418
1765823539717 0.014767552725970745 419
1765823539794 0.014708805829286575 420
1765823539879 0.014650736935436726 421
1765823539969 0.01459110714495182 422
1765823540058 0.014529713429510593 423
1765823540149 0.014469691552221775 424
1765823540237 0.014409510418772697 425
1765823540325 0.014349366538226604 426
1765823540416 0.014288659207522869 427
1765823540478 0.01422543078660965 428
1765823540559 0.014162630774080753 429
1765823540640 0.014099203050136566 430
1765823540707 0.01404025312513113 431
1765823540789 0.013977381400763988 432
1765823540953 0.013916303403675556 433
1765823541032 0.013858642429113388 434
1765823541112 0.013802524656057358 435
1765823541189 0.013743150047957897 436
1765823541272 0.013685915619134903 437
1765823541348 0.01363257598131895 438
1765823541423 0.013577073812484741 439
1765823541496 0.01352376863360405 440
1765823541575 0.013473469763994217 441
1765823541652 0.013424096629023552 442
1765823541737 0.013378121890127659 443
1765823541814 0.013332778587937355 444
1765823541895 0.01328793540596962 445
1765823541977 0.013246503658592701 446
1765823542052 0.0132061205804348 447
1765823542131 0.013168585486710072 448
1765823542195 0.013133702799677849 449
1765823542258 0.013103725388646126 450
1765823542336 0.013077741488814354 451
1765823542404 0.013050212524831295 452
1765823542467 0.013030752539634705 453
1765823542552 0.013006442226469517 454
1765823542643 0.012986105866730213 455
1765823542726 0.01297114696353674 456
1765823542803 0.012947063893079758 457
1765823542881 0.012938003055751324 458
1765823542954 0.012923931702971458 459
1765823543031 0.012913351878523827 460
1765823543110 0.0129126301035285 461
1765823543195 0.012895550578832626 462
1765823543258 0.012910131365060806 463
1765823543340 0.01289115659892559 464
1765823543420 0.012937272898852825 465
1765823543496 0.01294090785086155 466
1765823543570 0.013009017333388329 467
1765823543654 0.012910616584122181 468
1765823543734 0.01286673080176115 469
1765823543816 0.012906460091471672 470
1765823543896 0.012905724346637726 471
1765823543973 0.012884407304227352 472
1765823544048 0.012856106273829937 473
1765823544134 0.012875273823738098 474
1765823544227 0.012886729091405869 475
1765823544323 0.012836214154958725 476
1765823544407 0.012846777215600014 477
1765823544487 0.012872486375272274 478
1765823544557 0.012836206704378128 479
1765823544639 0.012828116305172443 480
1765823544717 0.012825697660446167 481
1765823544799 0.012826377525925636 482
1765823544881 0.012845821678638458 483
1765823544954 0.012816882692277431 484
1765823545036 0.012815296649932861 485
1765823545118 0.01280964259058237 486
1765823545194 0.012819324620068073 487
1765823545275 0.01282248180359602 488
1765823545357 0.012803496792912483 489
1765823545435 0.012801657430827618 490
1765823545507 0.012800595723092556 491
1765823545576 0.012800594791769981 492
1765823545652 0.012804078869521618 493
1765823545728 0.012805977836251259 494
1765823545808 0.012801235541701317 495
1765823545886 0.012796181254088879 496
1765823545951 0.012794147245585918 497
1765823546038 0.012793084606528282 498
1765823546111 0.012793001718819141 499
1765823546193 0.012794967740774155 500
1765823546282 0.0127954613417387 501
1765823546368 0.012794207781553268 502
1765823546453 0.012791954912245274 503
1765823546539 0.012790104374289513 504
1765823546625 0.012789127416908741 505
1765823546711 0.012788422405719757 506
1765823546793 0.012788025662302971 507
1765823546874 0.012787872925400734 508
1765823546956 0.012787902727723122 509
1765823547034 0.012788431718945503 510
1765823547109 0.012788547202944756 511
1765823547191 0.012788143940269947 512
1765823547267 0.012787370942533016 513
1765823547345 0.012786507606506348 514
1765823547420 0.01278578769415617 515
1765823547489 0.012785282917320728 516
1765823547567 0.012784886173903942 517
1765823547651 0.01278456300497055 518
1765823547721 0.012784328311681747 519
1765823547800 0.012784166261553764 520
1765823547877 0.012784057296812534 521
1765823547949 0.012784012593328953 522
1765823548027 0.012784040533006191 523
1765823548107 0.01278404425829649 524
1765823548180 0.012784025631844997 525
1765823548264 0.012783964164555073 526
1765823548339 0.012783863581717014 527
1765823548419 0.012783731333911419 528
1765823548498 0.012783564627170563 529
1765823548568 0.01278337650001049 530
1765823548637 0.012783166952431202 531
1765823548712 0.012782957404851913 532
1765823548793 0.012782747857272625 533
1765823548872 0.012782646343111992 534
1765823548954 0.012782557867467403 535
1765823549041 0.012782471254467964 536
1765823549118 0.01278239581733942 537
1765823549196 0.012782321311533451 538
1765823549274 0.012782266363501549 539
1765823549355 0.012782211415469646 540
1765823549431 0.012782164849340916 541
1765823549511 0.012782124802470207 542
1765823549590 0.012782083824276924 543
1765823549662 0.012782045640051365 544
1765823549744 0.012782028876245022 545
1765823549827 0.012782006524503231 546
1765823549910 0.012781994417309761 547
1765823549992 0.01278197392821312 548
1765823550066 0.012781956233084202 549
1765823550146 0.012781931087374687 550
1765823550225 0.012781914323568344 551
1765823550307 0.012781892903149128 552
1765823550379 0.012781868688762188 553
1765823550448 0.012781850062310696 554
1765823550522 0.012781823053956032 555
1765823550590 0.012781809084117413 556
1765823550672 0.012781794182956219 557
1765823550753 0.012781776487827301 558
1765823550828 0.01278176624327898 559
1765823550890 0.012781748548150063 560
1765823550968 0.012781730853021145 561
1765823551043 0.012781715020537376 562
1765823551123 0.012781696394085884 563
1765823551199 0.01278168335556984 564
1765823551279 0.012781662866473198 565
1765823551363 0.012781646102666855 566
1765823506727 0.5578860640525818 0
