1765823446963 0.2638426423072815 0
1765823447156 0.19025497138500214 1
1765823447301 0.113225057721138 2
1765823447484 0.02041609399020672 3
1765823447671 0.37440574169158936 4
1765823447862 0.051761116832494736 5
1765823448052 0.026019418612122536 6
1765823448214 0.05844954401254654 7
1765823448411 0.07544976472854614 8
1765823448562 0.080311119556427 9
1765823448726 0.07735391706228256 10
1765823448913 0.06927219778299332 11
1765823449086 0.05780017003417015 12
1765823449243 0.044545978307724 13
1765823449436 0.031684502959251404 14
1765823449615 0.02240760065615177 15
1765823449777 0.021467404440045357 16
1765823449973 0.030072713270783424 17
1765823450148 0.03437494486570358 18
1765823450334 0.030891213566064835 19
1765823450505 0.025661977007985115 20
1765823450685 0.023455535992980003 21
1765823450868 0.02171841636300087 22
1765823451048 0.020626341924071312 23
1765823451248 0.020133618265390396 24
1765823451468 0.020084647461771965 25
1765823451703 0.02029445953667164 26
1765823451938 0.020594237372279167 27
1765823452145 0.020851580426096916 28
1765823452323 0.020975913852453232 29
1765823452522 0.02091648429632187 30
1765823452706 0.020657191053032875 31
1765823452882 0.02043447084724903 32
1765823453060 0.020132342353463173 33
1765823453270 0.01976674422621727 34
1765823453487 0.01935577020049095 35
1765823453668 0.018918409943580627 36
1765823453825 0.018473291769623756 37
1765823454027 0.018037470057606697 38
1765823454220 0.01762528531253338 39
1765823454416 0.017247313633561134 40
1765823454629 0.016909470781683922 41
1765823454842 0.01661238633096218 42
1765823455052 0.016476068645715714 43
1765823455241 0.016343148425221443 44
1765823455429 0.016210587695240974 45
1765823455689 0.01607462950050831 46
1765823455863 0.01592196710407734 47
1765823456056 0.01576314866542816 48
1765823456227 0.015606431290507317 49
1765823456404 0.015434312634170055 50
1765823456604 0.015244521200656891 51
1765823456807 0.015036280266940594 52
1765823457009 0.014809678308665752 53
1765823457178 0.014688991941511631 54
1765823457349 0.014564421959221363 55
1765823457508 0.014434793964028358 56
1765823457683 0.014298464171588421 57
1765823457877 0.014155901037156582 58
1765823458059 0.01400802843272686 59
1765823458237 0.01385639701038599 60
1765823458430 0.01370217278599739 61
1765823458611 0.013545418158173561 62
1765823458776 0.013385409489274025 63
1765823458960 0.013222185894846916 64
1765823459111 0.013139097020030022 65
1765823459288 0.013054733164608479 66
1765823459462 0.012969213537871838 67
1765823459641 0.012882640585303307 68
1765823459828 0.012795085087418556 69
1765823460010 0.012706667184829712 70
1765823460193 0.01261746697127819 71
1765823460364 0.012527300044894218 72
1765823460540 0.012436069548130035 73
1765823460707 0.012343769893050194 74
1765823460875 0.012250418774783611 75
1765823461047 0.012203274294734001 76
1765823461238 0.012155737727880478 77
1765823461401 0.01210785936564207 78
1765823461570 0.012059668079018593 79
1765823461767 0.012011170387268066 80
1765823461965 0.011962369084358215 81
1765823462139 0.011913252994418144 82
1765823462315 0.011863826774060726 83
1765823462516 0.011814098805189133 84
1765823462702 0.011764075607061386 85
1765823462870 0.011713765561580658 86
1765823463033 0.011688481085002422 87
1765823463212 0.011663084849715233 88
1765823463379 0.011637578718364239 89
1765823463573 0.011611972004175186 90
1765823463729 0.011586264707148075 91
1765823463916 0.011560463346540928 92
1765823464100 0.011534572578966618 93
1765823464278 0.011508594267070293 94
1765823464451 0.011482530273497105 95
1765823464620 0.011456388980150223 96
1765823464786 0.011430172249674797 97
1765823465001 0.011417029425501823 98
1765823465211 0.011403851211071014 99
1765823465429 0.011390638537704945 100
1765823465599 0.011377397924661636 101
1765823465780 0.011364121921360493 102
1765823465941 0.011350817047059536 103
1765823466129 0.011337480507791042 104
1765823466309 0.011324114166200161 105
1765823466482 0.011310718953609467 106
1765823466684 0.011297294870018959 107
1765823466847 0.011283842846751213 108
1765823446963 0.2638426423072815 0
