1765823446973 0.5136561393737793 0
1765823447166 0.43618226051330566 1
1765823447311 0.33648931980133057 2
1765823447495 0.14288489520549774 3
1765823447680 0.6118870377540588 4
1765823447871 0.22751069068908691 5
1765823448061 0.16130535304546356 6
1765823448226 0.2417633980512619 7
1765823448420 0.2746812105178833 8
1765823448571 0.28339216113090515 9
1765823448737 0.27812573313713074 10
1765823448923 0.26319611072540283 11
1765823449096 0.24041666090488434 12
1765823449254 0.21105918288230896 13
1765823449445 0.17800141870975494 14
1765823449624 0.14969168603420258 15
1765823449788 0.1465175896883011 16
1765823449983 0.17341485619544983 17
1765823450157 0.18540480732917786 18
1765823450345 0.175758957862854 19
1765823450517 0.1601935625076294 20
1765823450696 0.1531520038843155 21
1765823450880 0.14737169444561005 22
1765823451057 0.14361873269081116 23
1765823451259 0.14189298450946808 24
1765823451481 0.14172030985355377 25
1765823451719 0.14245861768722534 26
1765823451949 0.14350692927837372 27
1765823452154 0.14440076053142548 28
1765823452333 0.1448306441307068 29
1765823452533 0.14462532103061676 30
1765823452714 0.14372609555721283 31
1765823452894 0.1429491937160492 32
1765823453070 0.14188848435878754 33
1765823453281 0.1405942589044571 34
1765823453496 0.1391250193119049 35
1765823453680 0.13754421472549438 36
1765823453835 0.13591648638248444 37
1765823454037 0.13430364429950714 38
1765823454230 0.13276025652885437 39
1765823454428 0.1313290297985077 40
1765823454641 0.13003641366958618 41
1765823454854 0.1288890391588211 42
1765823455063 0.1283591389656067 43
1765823455251 0.1278403252363205 44
1765823455439 0.1273208111524582 45
1765823455699 0.1267857551574707 46
1765823455874 0.12618227303028107 47
1765823456065 0.12555137276649475 48
1765823456236 0.12492570281028748 49
1765823456413 0.12423490732908249 50
1765823456615 0.12346870452165604 51
1765823456817 0.12262251228094101 52
1765823457019 0.12169501930475235 53
1765823457189 0.1211981549859047 54
1765823457361 0.12068314850330353 55
1765823457519 0.12014488875865936 56
1765823457695 0.11957618594169617 57
1765823457888 0.1189785748720169 58
1765823458071 0.11835552006959915 59
1765823458247 0.11771319806575775 60
1765823458439 0.11705628037452698 61
1765823458621 0.11638478189706802 62
1765823458788 0.11569532752037048 63
1765823458971 0.11498776078224182 64
1765823459120 0.11462590098381042 65
1765823459297 0.1142573133111 66
1765823459472 0.11388245224952698 67
1765823459650 0.11350172013044357 68
1765823459839 0.11311536282300949 69
1765823460020 0.11272385716438293 70
1765823460202 0.11232750117778778 71
1765823460373 0.11192542314529419 72
1765823460549 0.11151712387800217 73
1765823460716 0.11110252141952515 74
1765823460888 0.11068160831928253 75
1765823461058 0.11046843230724335 76
1765823461247 0.11025306582450867 77
1765823461412 0.1100357174873352 78
1765823461581 0.1098165214061737 79
1765823461779 0.10959548503160477 80
1765823461974 0.10937261581420898 81
1765823462149 0.10914784669876099 82
1765823462326 0.10892119258642197 83
1765823462527 0.10869268327951431 84
1765823462713 0.10846232622861862 85
1765823462882 0.10823015123605728 86
1765823463043 0.10811328142881393 87
1765823463223 0.10799576342105865 88
1765823463390 0.10787761211395264 89
1765823463582 0.10775885730981827 90
1765823463739 0.10763951390981674 91
1765823463927 0.10751959681510925 92
1765823464110 0.10739912837743759 93
1765823464287 0.10727811604738235 94
1765823464462 0.10715656727552414 95
1765823464631 0.10703451931476593 96
1765823464797 0.10691198706626892 97
1765823465011 0.10685049742460251 98
1765823465223 0.10678881406784058 99
1765823465439 0.10672693699598312 100
1765823465610 0.10666488856077194 101
1765823465790 0.10660263895988464 102
1765823465951 0.10654021054506302 103
1765823466138 0.10647760331630707 104
1765823466318 0.10641482472419739 105
1765823466491 0.10635186731815338 106
1765823466694 0.10628873109817505 107
1765823466860 0.10622543096542358 108
1765823446973 0.5136561393737793 0
