1765823446985 0.48751237988471985 0
1765823447174 0.4064255952835083 1
1765823447320 0.3000240623950958 2
1765823447504 0.12645448744297028 3
1765823447690 0.6026627421379089 4
1765823447880 0.19682252407073975 5
1765823448069 0.14386551082134247 6
1765823448237 0.2083347737789154 7
1765823448429 0.2362322211265564 8
1765823448579 0.2440810650587082 9
1765823448746 0.23922856152057648 10
1765823448932 0.22631944715976715 11
1765823449106 0.20742785930633545 12
1765823449263 0.1840880960226059 13
1765823449455 0.15888935327529907 14
1765823449633 0.13189303874969482 15
1765823449799 0.11705784499645233 16
1765823449992 0.13204790651798248 17
1765823450166 0.14159917831420898 18
1765823450353 0.1337742805480957 19
1765823450526 0.12303762882947922 20
1765823450706 0.11934052407741547 21
1765823450889 0.11709967255592346 22
1765823451067 0.11636589467525482 23
1765823451269 0.11740901321172714 24
1765823451492 0.11951857805252075 25
1765823451732 0.12186761945486069 26
1765823451959 0.12415450811386108 27
1765823452163 0.12590600550174713 28
1765823452343 0.12684553861618042 29
1765823452544 0.1268807351589203 30
1765823452724 0.1259937584400177 31
1765823452905 0.12511834502220154 32
1765823453080 0.12385986745357513 33
1765823453292 0.12227565050125122 34
1765823453505 0.1204122006893158 35
1765823453690 0.11840153485536575 36
1765823453846 0.11629994213581085 37
1765823454045 0.11422640830278397 38
1765823454238 0.11211033910512924 39
1765823454438 0.11005465686321259 40
1765823454651 0.10816886276006699 41
1765823454865 0.10648275911808014 42
1765823455072 0.10566167533397675 43
1765823455259 0.10485353320837021 44
1765823455448 0.10407936573028564 45
1765823455708 0.10333685576915741 46
1765823455885 0.10255594551563263 47
1765823456073 0.10177569836378098 48
1765823456245 0.10102230310440063 49
1765823456422 0.10025760531425476 50
1765823456626 0.09948354214429855 51
1765823456826 0.09869889169931412 52
1765823457028 0.09789680689573288 53
1765823457199 0.09748698025941849 54
1765823457371 0.09707720577716827 55
1765823457530 0.09665580093860626 56
1765823457706 0.0962161123752594 57
1765823457896 0.09575822949409485 58
1765823458081 0.09528583288192749 59
1765823458256 0.09480003267526627 60
1765823458448 0.09430292993783951 61
1765823458630 0.09379710257053375 62
1765823458798 0.09327710419893265 63
1765823458981 0.09274110198020935 64
1765823459130 0.09246616065502167 65
1765823459306 0.09218534082174301 66
1765823459482 0.09189779311418533 67
1765823459659 0.09160477668046951 68
1765823459849 0.09130597114562988 69
1765823460030 0.09100231528282166 70
1765823460211 0.09069382399320602 71
1765823460383 0.09037664532661438 72
1765823460558 0.09004949778318405 73
1765823460727 0.08971214294433594 74
1765823460899 0.08936454355716705 75
1765823461066 0.08918627351522446 76
1765823461256 0.08900432288646698 77
1765823461421 0.08881904929876328 78
1765823461592 0.08863075822591782 79
1765823461793 0.08843959867954254 80
1765823461982 0.0882464274764061 81
1765823462158 0.08805093914270401 82
1765823462336 0.08785482496023178 83
1765823462538 0.08765703439712524 84
1765823462722 0.0874568298459053 85
1765823462892 0.08725503087043762 86
1765823463055 0.08715318888425827 87
1765823463232 0.08705059438943863 88
1765823463398 0.08694765716791153 89
1765823463592 0.08684417605400085 90
1765823463750 0.08674000203609467 91
1765823463937 0.08663516491651535 92
1765823464120 0.08652966469526291 93
1765823464298 0.08642382174730301 94
1765823464472 0.08631768077611923 95
1765823464642 0.0862109363079071 96
1765823464808 0.08610356599092484 97
1765823465021 0.08604960143566132 98
1765823465235 0.08599541336297989 99
1765823465448 0.08594101667404175 100
1765823465620 0.08588667213916779 101
1765823465799 0.08583217114210129 102
1765823465960 0.08577747642993927 103
1765823466145 0.08572260290384293 104
1765823466329 0.08566755056381226 105
1765823466500 0.08561232686042786 106
1765823466704 0.08555734157562256 107
1765823466870 0.08550219237804413 108
1765823446985 0.48751237988471985 0
