1765823670402 0.24291329085826874 0
1765823670889 0.1558530628681183 1
1765823671247 0.02531699649989605 2
1765823671602 0.420375794172287 3
1765823672004 0.10272388905286789 4
1765823672359 0.018488498404622078 5
1765823672721 0.04378965497016907 6
1765823673140 0.06293901056051254 7
1765823673512 0.06647730618715286 8
1765823673908 0.061133693903684616 9
1765823674334 0.051012396812438965 10
1765823674709 0.038389842957258224 11
1765823675055 0.025664763525128365 12
1765823675430 0.018717527389526367 13
1765823675802 0.028242725878953934 14
1765823676202 0.02951289527118206 15
1765823676680 0.025781957432627678 16
1765823677063 0.02153567411005497 17
1765823677459 0.019229551777243614 18
1765823677849 0.018697133287787437 19
1765823678300 0.018850091844797134 20
1765823678695 0.019368864595890045 21
1765823679064 0.019957268610596657 22
1765823679432 0.02040654420852661 23
1765823679806 0.020607227459549904 24
1765823680200 0.02053702436387539 25
1765823680598 0.020239872857928276 26
1765823680960 0.020013416185975075 27
1765823681358 0.019737472757697105 28
1765823681715 0.0194447822868824 29
1765823682081 0.019166337326169014 30
1765823682490 0.01892831176519394 31
1765823682858 0.018749503418803215 32
1765823683215 0.018639471381902695 33
1765823683596 0.018597731366753578 34
1765823684028 0.018614230677485466 35
1765823684367 0.018671290948987007 36
1765823684749 0.01874689757823944 37
1765823685136 0.01878083124756813 38
1765823685523 0.018803393468260765 39
1765823685909 0.018812380731105804 40
1765823686287 0.018807251006364822 41
1765823686678 0.018788952380418777 42
1765823687080 0.018759561702609062 43
1765823687458 0.01872190646827221 44
1765823687846 0.018679160624742508 45
1765823688241 0.01863444782793522 46
1765823688669 0.018590552732348442 47
1765823689091 0.01854969747364521 48
1765823689467 0.018530821427702904 49
1765823689848 0.01851307414472103 50
1765823690284 0.018496623262763023 51
1765823690742 0.018481558188796043 52
1765823691180 0.018467875197529793 53
1765823691621 0.01845550909638405 54
1765823692080 0.01844433881342411 55
1765823692533 0.01843419298529625 56
1765823692915 0.018424881622195244 57
1765823693312 0.018416184931993484 58
1765823693709 0.01840788871049881 59
1765823694086 0.0184037946164608 60
1765823694460 0.018399646505713463 61
1765823694793 0.01839541271328926 62
1765823695174 0.018391061574220657 63
1765823695548 0.01838657073676586 64
1765823695971 0.018381919711828232 65
1765823696348 0.018377091735601425 66
1765823696703 0.018372079357504845 67
1765823697073 0.018366871401667595 68
1765823697479 0.018361466005444527 69
1765823697864 0.01835586130619049 70
1765823698244 0.018352966755628586 71
1765823698650 0.018349992111325264 72
1765823699043 0.018346942961215973 73
1765823699460 0.018343819305300713 74
1765823699865 0.01834062859416008 75
1765823700258 0.018337370827794075 76
1765823700622 0.018334047868847847 77
1765823701010 0.018330667167901993 78
1765823701379 0.018327226862311363 79
1765823701765 0.018323730677366257 80
1765823702109 0.018320180475711823 81
1765823702479 0.018318377435207367 82
1765823702848 0.01831655763089657 83
1765823703243 0.018314719200134277 84
1765823703643 0.018312864005565643 85
1765823704044 0.018310988321900368 86
1765823704445 0.0183090977370739 87
1765823704796 0.018307188525795937 88
1765823705198 0.018305262550711632 89
1765823705561 0.018303321674466133 90
1765823705929 0.01830136589705944 91
1765823706327 0.018299393355846405 92
1765823706691 0.018298404291272163 93
1765823707082 0.018297405913472176 94
1765823707461 0.01829640381038189 95
1765823707830 0.018295396119356155 96
1765823708226 0.018294384703040123 97
1765823708606 0.018293365836143494 98
1765823708971 0.018292343243956566 99
1765823709431 0.01829131506383419 100
1765823709810 0.018290281295776367 101
1765823710173 0.018289247527718544 102
1765823710603 0.018288204446434975 103
1765823670402 0.24291329085826874 0
