1765823670415 0.492862343788147 0
1765823670899 0.39478230476379395 1
1765823671257 0.15911315381526947 2
1765823671614 0.6483639478683472 3
1765823672016 0.32050567865371704 4
1765823672369 0.13597241044044495 5
1765823672731 0.2092597782611847 6
1765823673151 0.2508764863014221 7
1765823673522 0.2578319311141968 8
1765823673918 0.24725228548049927 9
1765823674343 0.22585923969745636 10
1765823674720 0.1959332674741745 11
1765823675065 0.1602022647857666 12
1765823675439 0.1368120163679123 13
1765823675813 0.1680557280778885 14
1765823676213 0.17179317772388458 15
1765823676691 0.16056761145591736 16
1765823677072 0.14675037562847137 17
1765823677471 0.1386706531047821 18
1765823677861 0.13673746585845947 19
1765823678311 0.13729563355445862 20
1765823678705 0.13917206227779388 21
1765823679076 0.14127019047737122 22
1765823679442 0.14285147190093994 23
1765823679818 0.14355218410491943 24
1765823680212 0.14330744743347168 25
1765823680607 0.1422669142484665 26
1765823680970 0.14146877825260162 27
1765823681368 0.1404901146888733 28
1765823681724 0.13944454491138458 29
1765823682090 0.13844254612922668 30
1765823682500 0.13758020102977753 31
1765823682866 0.13692882657051086 32
1765823683226 0.1365264505147934 33
1765823683607 0.13637350499629974 34
1765823684038 0.13643397390842438 35
1765823684377 0.1366429328918457 36
1765823684759 0.136919304728508 37
1765823685148 0.13704317808151245 38
1765823685534 0.13712546229362488 39
1765823685919 0.13715822994709015 40
1765823686299 0.13713952898979187 41
1765823686689 0.13707280158996582 42
1765823687091 0.1369655430316925 43
1765823687469 0.13682802021503448 44
1765823687856 0.13667172193527222 45
1765823688253 0.136508047580719 46
1765823688684 0.13634717464447021 47
1765823689102 0.1361972689628601 48
1765823689476 0.13612796366214752 49
1765823689858 0.13606275618076324 50
1765823690295 0.1360022872686386 51
1765823690754 0.13594689965248108 52
1765823691192 0.13589656352996826 53
1765823691632 0.13585105538368225 54
1765823692092 0.13580994307994843 55
1765823692543 0.13577257096767426 56
1765823692926 0.1357382833957672 57
1765823693323 0.13570624589920044 58
1765823693719 0.13567566871643066 59
1765823694098 0.1356605887413025 60
1765823694470 0.1356453001499176 61
1765823694803 0.13562968373298645 62
1765823695185 0.13561365008354187 63
1765823695558 0.1355970948934555 64
1765823695982 0.1355799436569214 65
1765823696359 0.13556213676929474 66
1765823696715 0.13554364442825317 67
1765823697084 0.1355244368314743 68
1765823697490 0.13550448417663574 69
1765823697873 0.13548380136489868 70
1765823698253 0.1354731172323227 71
1765823698661 0.13546214997768402 72
1765823699054 0.13545088469982147 73
1765823699472 0.13543935120105743 74
1765823699875 0.1354275792837143 75
1765823700268 0.13541555404663086 76
1765823700633 0.13540327548980713 77
1765823701020 0.13539078831672668 78
1765823701389 0.13537809252738953 79
1765823701776 0.13536517322063446 80
1765823702121 0.13535206019878387 81
1765823702488 0.13534539937973022 82
1765823702860 0.1353386789560318 83
1765823703253 0.1353318840265274 84
1765823703654 0.13532502949237823 85
1765823704054 0.1353181004524231 86
1765823704454 0.13531111180782318 87
1765823704808 0.1353040635585785 88
1765823705207 0.13529694080352783 89
1765823705571 0.1352897733449936 90
1765823705940 0.13528254628181458 91
1765823706338 0.1352752447128296 92
1765823706700 0.1352715939283371 93
1765823707094 0.13526789844036102 94
1765823707470 0.13526420295238495 95
1765823707840 0.1352604776620865 96
1765823708237 0.13525673747062683 97
1765823708617 0.1352529674768448 98
1765823708981 0.13524918258190155 99
1765823709442 0.13524538278579712 100
1765823709821 0.1352415680885315 101
1765823710182 0.13523773849010468 102
1765823710617 0.13523389399051666 103
1765823670415 0.492862343788147 0
