1765823670430 0.47339731454849243 0
1765823670907 0.37056705355644226 1
1765823671267 0.13196344673633575 2
1765823671623 0.6344454884529114 3
1765823672026 0.292817622423172 4
1765823672378 0.10727513581514359 5
1765823672740 0.17872142791748047 6
1765823673160 0.2192317247390747 7
1765823673531 0.2260732799768448 8
1765823673927 0.2156684398651123 9
1765823674353 0.19485077261924744 10
1765823674730 0.16597072780132294 11
1765823675074 0.1315062791109085 12
1765823675448 0.10665465146303177 13
1765823675821 0.1322728991508484 14
1765823676223 0.13604260981082916 15
1765823676701 0.12517300248146057 16
1765823677081 0.11288882791996002 17
1765823677480 0.10707557946443558 18
1765823677870 0.10699634999036789 19
1765823678319 0.10852118581533432 20
1765823678714 0.11071304976940155 21
1765823679087 0.11291876435279846 22
1765823679451 0.11454754322767258 23
1765823679829 0.11525556445121765 24
1765823680221 0.11501196026802063 25
1765823680616 0.1139751672744751 26
1765823680979 0.11315319687128067 27
1765823681376 0.11212962120771408 28
1765823681733 0.11102236807346344 29
1765823682099 0.10998032242059708 30
1765823682508 0.1090037077665329 31
1765823682875 0.10813833773136139 32
1765823683237 0.10741887241601944 33
1765823683615 0.10695640742778778 34
1765823684046 0.10664442181587219 35
1765823684386 0.10646314173936844 36
1765823684770 0.10640255361795425 37
1765823685157 0.10638993978500366 38
1765823685542 0.10638471692800522 39
1765823685928 0.10637342929840088 40
1765823686310 0.10635356605052948 41
1765823686698 0.10632529109716415 42
1765823687101 0.10629139840602875 43
1765823687479 0.10625451803207397 44
1765823687865 0.10622957348823547 45
1765823688262 0.1062048077583313 46
1765823688695 0.10619420558214188 47
1765823689111 0.10620690882205963 48
1765823689485 0.1062181144952774 49
1765823689869 0.10622897744178772 50
1765823690304 0.1062423586845398 51
1765823690765 0.10626301914453506 52
1765823691202 0.10628911852836609 53
1765823691642 0.1063128262758255 54
1765823692101 0.10633372515439987 55
1765823692553 0.10635334253311157 56
1765823692936 0.1063699945807457 57
1765823693333 0.10638262331485748 58
1765823693728 0.10639168322086334 59
1765823694109 0.10639455914497375 60
1765823694480 0.10639526695013046 61
1765823694813 0.10639387369155884 62
1765823695194 0.10639043897390366 63
1765823695568 0.10638520121574402 64
1765823695993 0.10637865215539932 65
1765823696370 0.1063702329993248 66
1765823696726 0.10635989159345627 67
1765823697093 0.1063477024435997 68
1765823697500 0.10633375495672226 69
1765823697881 0.10631813853979111 70
1765823698261 0.10630954802036285 71
1765823698672 0.10630028694868088 72
1765823699062 0.10629038512706757 73
1765823699482 0.1062798872590065 74
1765823699884 0.10626884549856186 75
1765823700277 0.10625728219747543 76
1765823700643 0.1062452644109726 77
1765823701029 0.10623279213905334 78
1765823701400 0.10621990263462067 79
1765823701787 0.10620664805173874 80
1765823702131 0.10619302839040756 81
1765823702497 0.10618607699871063 82
1765823702871 0.10617898404598236 83
1765823703262 0.1061718612909317 84
1765823703665 0.10616466403007507 85
1765823704064 0.10615735501050949 86
1765823704465 0.10614995658397675 87
1765823704819 0.10614249110221863 88
1765823705216 0.10613492876291275 89
1765823705580 0.1061273068189621 90
1765823705951 0.10611963272094727 91
1765823706346 0.10611194372177124 92
1765823706709 0.10610809922218323 93
1765823707103 0.10610423237085342 94
1765823707479 0.10610033571720123 95
1765823707851 0.10609644651412964 96
1765823708247 0.10609251260757446 97
1765823708627 0.10608857125043869 98
1765823708991 0.10608462989330292 99
1765823709452 0.10608065873384476 100
1765823709832 0.106076680123806 101
1765823710192 0.10607270151376724 102
1765823710629 0.1060687005519867 103
1765823670430 0.47339731454849243 0
