1765999372158 0.40504226088523865 0
1765999372249 0.3940659463405609 1
1765999372333 0.3849800229072571 2
1765999372418 0.3758348226547241 3
1765999372496 0.36687400937080383 4
1765999372593 0.3579998016357422 5
1765999372679 0.3485606014728546 6
1765999372764 0.3378346264362335 7
1765999372852 0.3269293010234833 8
1765999372932 0.31763559579849243 9
1765999373018 0.3077758848667145 10
1765999373113 0.29592686891555786 11
1765999373217 0.28155073523521423 12
1765999373306 0.26433247327804565 13
1765999373390 0.24307158589363098 14
1765999373481 0.21699051558971405 15
1765999373560 0.18697500228881836 16
1765999373636 0.1548295021057129 17
1765999373722 0.12311491370201111 18
1765999373805 0.093897745013237 19
1765999373885 0.07233876734972 20
1765999373973 0.060431499034166336 21
1765999374061 0.05889243632555008 22
1765999374154 0.06607641279697418 23
1765999374245 0.07738511264324188 24
1765999374459 0.08562421053647995 25
1765999374589 0.08781033754348755 26
1765999374690 0.08484958857297897 27
1765999374774 0.07870767265558243 28
1765999374865 0.07162044197320938 29
1765999374956 0.06530460715293884 30
1765999375048 0.06071539223194122 31
1765999375135 0.05915491282939911 32
1765999375229 0.05803605169057846 33
1765999375299 0.05729915574193001 34
1765999375387 0.05685628205537796 35
1765999375476 0.05660754069685936 36
1765999375559 0.056453902274370193 37
1765999375630 0.056306302547454834 38
1765999375705 0.05609113723039627 39
1765999375788 0.05575278401374817 40
1765999375876 0.05525395646691322 41
1765999375969 0.0545743927359581 42
1765999376050 0.05414227023720741 43
1765999376141 0.05362345650792122 44
1765999376225 0.0530259795486927 45
1765999376309 0.05235924944281578 46
1765999376395 0.051633432507514954 47
1765999376486 0.050858937203884125 48
1765999376575 0.05004583299160004 49
1765999376648 0.0492035336792469 50
1765999376735 0.04834039509296417 51
1765999376817 0.04746343567967415 52
1765999376894 0.04657813161611557 53
1765999376980 0.04613129049539566 54
1765999377066 0.045679301023483276 55
1765999377154 0.04522283002734184 56
1765999377234 0.04476231709122658 57
1765999377319 0.044297948479652405 58
1765999377403 0.0438297763466835 59
1765999377490 0.04335765168070793 60
1765999377573 0.0428813099861145 61
1765999377649 0.042400386184453964 62
1765999377736 0.04191445931792259 63
1765999377830 0.04142307490110397 64
1765999377932 0.041174449026584625 65
1765999378028 0.04092290997505188 66
1765999378126 0.04066845402121544 67
1765999378223 0.040411125868558884 68
1765999378318 0.04015093296766281 69
1765999378406 0.0398879274725914 70
1765999378492 0.03962215408682823 71
1765999378580 0.039353664964437485 72
1765999378665 0.03908250853419304 73
1765999378759 0.03880876675248146 74
1765999378844 0.03853249549865723 75
1765999378934 0.03839322179555893 76
1765999379020 0.038252945989370346 77
1765999379105 0.038111720234155655 78
1765999379183 0.037969596683979034 79
1765999379258 0.03782661631703377 80
1765999379343 0.03768282011151314 81
1765999379423 0.03753824532032013 82
1765999379509 0.03739294037222862 83
1765999379587 0.037246931344270706 84
1765999379672 0.03710025176405907 85
1765999379763 0.036952923983335495 86
1765999379844 0.036878976970911026 87
1765999379929 0.036804765462875366 88
1765999380020 0.0367303229868412 89
1765999380099 0.036655645817518234 90
1765999380185 0.03658074885606766 91
1765999380267 0.03650568053126335 92
1765999380353 0.03643059730529785 93
1765999380436 0.036355409771203995 94
1765999380512 0.03628011792898178 95
1765999380600 0.036204736679792404 96
1765999380688 0.03612927719950676 97
1765999380791 0.03609148785471916 98
1765999380876 0.036053650081157684 99
1765999380967 0.03601576015353203 100
1765999381041 0.035977836698293686 101
1765999381125 0.035939861088991165 102
1765999381219 0.03590184077620506 103
1765999381306 0.035863760858774185 104
1765999381395 0.03582562878727913 105
1765999381473 0.03578744828701019 106
1765999381562 0.035749226808547974 107
1765999381652 0.03571098670363426 108
1765999381738 0.03569184988737106 109
1765999381823 0.035672686994075775 110
1765999381916 0.03565350919961929 111
1765999382013 0.03563430532813072 112
1765999382101 0.03561507537961006 113
1765999382190 0.035595837980508804 114
1765999382276 0.03557657077908516 115
1765999382355 0.03555728867650032 116
1765999382445 0.03553798049688339 117
1765999382532 0.03551865741610527 118
1765999382619 0.035499315708875656 119
1765999372158 0.40504226088523865 0
