1765999372178 0.5777748227119446 0
1765999372268 0.5694155097007751 1
1765999372350 0.5623829960823059 2
1765999372440 0.5554438233375549 3
1765999372517 0.5486358404159546 4
1765999372614 0.5418379306793213 5
1765999372696 0.5345321297645569 6
1765999372782 0.5262099504470825 7
1765999372870 0.5176153779029846 8
1765999372949 0.5101687908172607 9
1765999373040 0.5023619532585144 10
1765999373136 0.4926820695400238 11
1765999373239 0.4807544946670532 12
1765999373325 0.4661007225513458 13
1765999373410 0.4473051428794861 14
1765999373502 0.4231167733669281 15
1765999373582 0.39365464448928833 16
1765999373657 0.35974159836769104 17
1765999373742 0.3222922384738922 18
1765999373823 0.28282782435417175 19
1765999373903 0.24857237935066223 20
1765999373992 0.22058925032615662 21
1765999374084 0.1951541006565094 22
1765999374175 0.1804809719324112 23
1765999374265 0.18310841917991638 24
1765999374489 0.19238631427288055 25
1765999374616 0.19542771577835083 26
1765999374709 0.1913839429616928 27
1765999374797 0.18429945409297943 28
1765999374887 0.17955364286899567 29
1765999374974 0.17903606593608856 30
1765999375068 0.18342064321041107 31
1765999375158 0.1869632750749588 32
1765999375246 0.19088321924209595 33
1765999375318 0.19499938189983368 34
1765999375407 0.19877344369888306 35
1765999375496 0.2019834965467453 36
1765999375576 0.2045445293188095 37
1765999375647 0.20644940435886383 38
1765999375725 0.20765981078147888 39
1765999375805 0.20815564692020416 40
1765999375897 0.20791949331760406 41
1765999375989 0.20696140825748444 42
1765999376073 0.2061357945203781 43
1765999376158 0.2049868255853653 44
1765999376245 0.20353838801383972 45
1765999376329 0.20181605219841003 46
1765999376416 0.19985784590244293 47
1765999376507 0.19768141210079193 48
1765999376593 0.1953093558549881 49
1765999376668 0.19277949631214142 50
1765999376754 0.19010506570339203 51
1765999376836 0.18731330335140228 52
1765999376912 0.1844077706336975 53
1765999377000 0.1829143464565277 54
1765999377086 0.18139778077602386 55
1765999377175 0.1798596978187561 56
1765999377255 0.17830872535705566 57
1765999377341 0.17674605548381805 58
1765999377425 0.1751732975244522 59
1765999377508 0.17359429597854614 60
1765999377591 0.17201252281665802 61
1765999377670 0.17043671011924744 62
1765999377756 0.16887782514095306 63
1765999377854 0.167336106300354 64
1765999377953 0.16658245027065277 65
1765999378051 0.16583719849586487 66
1765999378147 0.16509956121444702 67
1765999378245 0.16436763107776642 68
1765999378341 0.16364583373069763 69
1765999378425 0.1629342883825302 70
1765999378510 0.16222769021987915 71
1765999378601 0.1615249514579773 72
1765999378683 0.16082561016082764 73
1765999378781 0.16012975573539734 74
1765999378865 0.15943822264671326 75
1765999378951 0.15909385681152344 76
1765999379039 0.15875110030174255 77
1765999379124 0.15841028094291687 78
1765999379202 0.15807072818279266 79
1765999379276 0.15773195028305054 80
1765999379362 0.15739372372627258 81
1765999379444 0.1570563018321991 82
1765999379527 0.15671975910663605 83
1765999379606 0.15638360381126404 84
1765999379693 0.15604718029499054 85
1765999379781 0.15571030974388123 86
1765999379862 0.15554167330265045 87
1765999379948 0.15537284314632416 88
1765999380041 0.15520383417606354 89
1765999380118 0.15503454208374023 90
1765999380205 0.15486490726470947 91
1765999380286 0.15469501912593842 92
1765999380371 0.15452522039413452 93
1765999380458 0.15435504913330078 94
1765999380532 0.1541847139596939 95
1765999380618 0.15401382744312286 96
1765999380710 0.15384230017662048 97
1765999380814 0.15375621616840363 98
1765999380894 0.1536698341369629 99
1765999380986 0.15358321368694305 100
1765999381062 0.1534963995218277 101
1765999381149 0.15340927243232727 102
1765999381238 0.15332183241844177 103
1765999381328 0.15323406457901 104
1765999381413 0.15314598381519318 105
1765999381492 0.15305763483047485 106
1765999381583 0.15296897292137146 107
1765999381670 0.15288005769252777 108
1765999381759 0.15283545851707458 109
1765999381844 0.15279068052768707 110
1765999381940 0.1527458280324936 111
1765999382033 0.15270079672336578 112
1765999382122 0.15265566110610962 113
1765999382210 0.15261037647724152 114
1765999382296 0.15256500244140625 115
1765999382374 0.15251944959163666 116
1765999382469 0.1524738073348999 117
1765999382551 0.1524280607700348 118
1765999382640 0.15238216519355774 119
1765999372178 0.5777748227119446 0
