1765999372168 0.6364293098449707 0
1765999372258 0.6277467012405396 1
1765999372342 0.6204676032066345 2
1765999372430 0.6130536794662476 3
1765999372507 0.6057012677192688 4
1765999372604 0.5983308553695679 5
1765999372688 0.5903902053833008 6
1765999372773 0.581235408782959 7
1765999372861 0.57177734375 8
1765999372941 0.563591718673706 9
1765999373029 0.5547755360603333 10
1765999373124 0.5439916253089905 11
1765999373229 0.5306135416030884 12
1765999373316 0.5141327381134033 13
1765999373401 0.4930229187011719 14
1765999373492 0.46582239866256714 15
1765999373573 0.43240606784820557 16
1765999373646 0.3934837877750397 17
1765999373732 0.3508773446083069 18
1765999373814 0.30642738938331604 19
1765999373893 0.2689586579799652 20
1765999373983 0.24582819640636444 21
1765999374074 0.24267764389514923 22
1765999374165 0.25705331563949585 23
1765999374255 0.278181791305542 24
1765999374477 0.2926161587238312 25
1765999374602 0.2963280975818634 26
1765999374699 0.2912895381450653 27
1765999374786 0.2805488705635071 28
1765999374876 0.2676199674606323 29
1765999374965 0.2555476725101471 30
1765999375059 0.24640493094921112 31
1765999375146 0.2432178258895874 32
1765999375238 0.2409067302942276 33
1765999375309 0.23937241733074188 34
1765999375398 0.23844555020332336 35
1765999375486 0.23792339861392975 36
1765999375568 0.23760029673576355 37
1765999375639 0.23728948831558228 38
1765999375716 0.23683567345142365 39
1765999375797 0.23612026870250702 40
1765999375888 0.23506160080432892 41
1765999375979 0.23361162841320038 42
1765999376061 0.2326849102973938 43
1765999376149 0.2315673977136612 44
1765999376236 0.23027370870113373 45
1765999376320 0.22882144153118134 46
1765999376405 0.22722990810871124 47
1765999376497 0.22551925480365753 48
1765999376585 0.22370925545692444 49
1765999376659 0.2218187004327774 50
1765999376745 0.21986448764801025 51
1765999376827 0.21786104142665863 52
1765999376904 0.21581967175006866 53
1765999376990 0.2147819548845291 54
1765999377077 0.2137271612882614 55
1765999377165 0.21265660226345062 56
1765999377245 0.21157106757164001 57
1765999377330 0.2104707807302475 58
1765999377414 0.20935562252998352 59
1765999377499 0.20822499692440033 60
1765999377582 0.2070780247449875 61
1765999377660 0.20591354370117188 62
1765999377746 0.20473021268844604 63
1765999377842 0.2035266011953354 64
1765999377942 0.20291487872600555 65
1765999378040 0.20229411125183105 66
1765999378136 0.20166420936584473 67
1765999378234 0.20102518796920776 68
1765999378330 0.2003769725561142 69
1765999378415 0.1997196227312088 70
1765999378502 0.19905313849449158 71
1765999378590 0.1983775794506073 72
1765999378675 0.19769296050071716 73
1765999378770 0.19699940085411072 74
1765999378855 0.19629696011543274 75
1765999378943 0.19594188034534454 76
1765999379030 0.19558359682559967 77
1765999379116 0.19522222876548767 78
1765999379194 0.1948578953742981 79
1765999379267 0.19449065625667572 80
1765999379353 0.1941206306219101 81
1765999379434 0.1937478929758072 82
1765999379518 0.19337254762649536 83
1765999379598 0.1929946392774582 84
1765999379683 0.19261425733566284 85
1765999379772 0.1922314316034317 86
1765999379853 0.19203899800777435 87
1765999379938 0.19184568524360657 88
1765999380031 0.19165156781673431 89
1765999380109 0.1914566457271576 90
1765999380195 0.1912609487771988 91
1765999380277 0.19106459617614746 92
1765999380362 0.19086800515651703 93
1765999380447 0.1906709522008896 94
1765999380522 0.19047340750694275 95
1765999380609 0.1902754157781601 96
1765999380699 0.1900770366191864 97
1765999380803 0.18997760117053986 98
1765999380885 0.18987798690795898 99
1765999380976 0.1897781938314438 100
1765999381052 0.18967825174331665 101
1765999381137 0.189578115940094 102
1765999381227 0.1894778162240982 103
1765999381317 0.1893772929906845 104
1765999381404 0.1892765909433365 105
1765999381483 0.18917571008205414 106
1765999381573 0.18907466530799866 107
1765999381661 0.18897350132465363 108
1765999381749 0.18892286717891693 109
1765999381834 0.18887214362621307 110
1765999381929 0.18882137537002563 111
1765999382023 0.18877050280570984 112
1765999382113 0.18871957063674927 113
1765999382200 0.18866859376430511 114
1765999382287 0.1886175274848938 115
1765999382365 0.1885664016008377 116
1765999382457 0.18851520121097565 117
1765999382542 0.1884639412164688 118
1765999382630 0.1884126216173172 119
1765999372168 0.6364293098449707 0
