1765823955958 0.273215651512146 0
1765823956034 0.21196210384368896 1
1765823956117 0.15681788325309753 2
1765823956199 0.10508505254983902 3
1765823956291 0.051750462502241135 4
1765823956384 0.015550537966191769 5
1765823956478 0.07490210980176926 6
1765823956575 0.05320725217461586 7
1765823956668 0.02388950251042843 8
1765823956764 0.016622871160507202 9
1765823956838 0.021231703460216522 10
1765823956909 0.027362043038010597 11
1765823956996 0.03097488358616829 12
1765823957069 0.031484417617321014 13
1765823957146 0.029563814401626587 14
1765823957215 0.027831539511680603 15
1765823957297 0.025629917159676552 16
1765823957374 0.023261817172169685 17
1765823957442 0.021003935486078262 18
1765823957513 0.019146328791975975 19
1765823957588 0.01785382442176342 20
1765823957659 0.017175709828734398 21
1765823957737 0.017095308750867844 22
1765823957812 0.01749109849333763 23
1765823957880 0.01812516339123249 24
1765823957946 0.01872776821255684 25
1765823958021 0.018897810950875282 26
1765823958091 0.018908238038420677 27
1765823958176 0.018759222701191902 28
1765823958237 0.018477298319339752 29
1765823958310 0.018114279955625534 30
1765823958388 0.01771341636776924 31
1765823958469 0.01731969602406025 32
1765823958542 0.016969166696071625 33
1765823958617 0.01668553799390793 34
1765823958694 0.016479531303048134 35
1765823958775 0.016350198537111282 36
1765823958845 0.016311323270201683 37
1765823958915 0.01628597266972065 38
1765823958990 0.016270525753498077 39
1765823959050 0.016261430457234383 40
1765823959117 0.016255391761660576 41
1765823959193 0.01624956727027893 42
1765823959268 0.016241585835814476 43
1765823959343 0.01622960716485977 44
1765823959417 0.016212379559874535 45
1765823959496 0.016189195215702057 46
1765823959567 0.01615985482931137 47
1765823959647 0.016142230480909348 48
1765823959797 0.016121940687298775 49
1765823959869 0.016099287196993828 50
1765823959943 0.016074636951088905 51
1765823960023 0.016048341989517212 52
1765823960099 0.01602078229188919 53
1765823960174 0.015992317348718643 54
1765823960245 0.01596328243613243 55
1765823960322 0.015933983027935028 56
1765823960482 0.01590469479560852 57
1765823960559 0.015875639393925667 58
1765823960638 0.015861213207244873 59
1765823960699 0.01584683358669281 60
1765823960776 0.015832537785172462 61
1765823960837 0.015818346291780472 62
1765823960922 0.015804283320903778 63
1765823960994 0.015790360048413277 64
1765823961068 0.015776589512825012 65
1765823961157 0.01576297916471958 66
1765823961244 0.01574951782822609 67
1765823961327 0.015736211091279984 68
1765823961407 0.015723051503300667 69
1765823961498 0.01571652479469776 70
1765823961583 0.015710018575191498 71
1765823961661 0.015703530982136726 72
1765823961735 0.015697062015533447 73
1765823961810 0.015690607950091362 74
1765823961888 0.015684159472584724 75
1765823961965 0.01567772589623928 76
1765823962044 0.015671297907829285 77
1765823962117 0.01566486619412899 78
1765823962193 0.015658434480428696 79
1765823962273 0.01565200462937355 80
1765823962352 0.01564878411591053 81
1765823962432 0.015645554289221764 82
1765823962506 0.0156423207372427 83
1765823962570 0.01563907600939274 84
1765823962651 0.015635818243026733 85
1765823962729 0.01563255675137043 86
1765823962794 0.015629278495907784 87
1765823962864 0.01562599278986454 88
1765823962944 0.015622695907950401 89
1765823963022 0.015619388781487942 90
1765823963095 0.01561607327312231 91
1765823963168 0.015614405274391174 92
1765823963253 0.01561273168772459 93
1765823963344 0.015611055307090282 94
1765823963430 0.015609372407197952 95
1765823963525 0.015607683919370174 96
1765823963642 0.015605983324348927 97
1765823963735 0.01560427900403738 98
1765823963826 0.015602572821080685 99
1765823963922 0.01560085080564022 100
1765823964015 0.015599125996232033 101
1765823964105 0.015597398392856121 102
1765823955958 0.273215651512146 0
