1765823955981 0.5027868747711182 0
1765823956058 0.43812477588653564 1
1765823956141 0.37047016620635986 2
1765823956223 0.29433557391166687 3
1765823956314 0.19285713136196136 4
1765823956409 0.10036709159612656 5
1765823956501 0.25103965401649475 6
1765823956600 0.20340187847614288 7
1765823956693 0.12812557816505432 8
1765823956784 0.10421877354383469 9
1765823956859 0.11197443306446075 10
1765823956932 0.12812529504299164 11
1765823957015 0.13772052526474 12
1765823957089 0.13903959095478058 13
1765823957163 0.1339138150215149 14
1765823957237 0.12931284308433533 15
1765823957318 0.12347688525915146 16
1765823957393 0.11710081249475479 17
1765823957461 0.11163651198148727 18
1765823957531 0.10789832472801208 19
1765823957606 0.10588313639163971 20
1765823957681 0.10541284829378128 21
1765823957758 0.10669852048158646 22
1765823957829 0.1088770255446434 23
1765823957898 0.11107432842254639 24
1765823957965 0.11286786198616028 25
1765823958038 0.11335232108831406 26
1765823958114 0.11339223384857178 27
1765823958194 0.11296701431274414 28
1765823958256 0.11214745044708252 29
1765823958330 0.11104897409677505 30
1765823958408 0.10981873422861099 31
1765823958487 0.1085333600640297 32
1765823958560 0.10727875679731369 33
1765823958636 0.10607200860977173 34
1765823958715 0.1050281673669815 35
1765823958793 0.10416211932897568 36
1765823958863 0.10380547493696213 37
1765823958934 0.10349614918231964 38
1765823959008 0.1032286286354065 39
1765823959068 0.1030074805021286 40
1765823959139 0.10282362252473831 41
1765823959214 0.10267162322998047 42
1765823959286 0.10254377871751785 43
1765823959365 0.1024298369884491 44
1765823959437 0.10232072323560715 45
1765823959517 0.1022169440984726 46
1765823959586 0.10211542248725891 47
1765823959702 0.10206529498100281 48
1765823959816 0.10201579332351685 49
1765823959887 0.10196670889854431 50
1765823959964 0.10191843658685684 51
1765823960042 0.10187190026044846 52
1765823960119 0.10182706266641617 53
1765823960192 0.10178403556346893 54
1765823960266 0.10174527019262314 55
1765823960343 0.10171297937631607 56
1765823960502 0.10168392956256866 57
1765823960577 0.10165482759475708 58
1765823960657 0.1016409769654274 59
1765823960717 0.10162796080112457 60
1765823960793 0.10161574184894562 61
1765823960863 0.10160550475120544 62
1765823960943 0.10159622877836227 63
1765823961015 0.10158684849739075 64
1765823961090 0.10157763212919235 65
1765823961180 0.10156917572021484 66
1765823961263 0.10156109184026718 67
1765823961346 0.10155300796031952 68
1765823961435 0.10154393315315247 69
1765823961518 0.10153884440660477 70
1765823961606 0.10153321921825409 71
1765823961682 0.10152707248926163 72
1765823961755 0.10152042657136917 73
1765823961828 0.10151328146457672 74
1765823961907 0.10150559991598129 75
1765823961987 0.10149746388196945 76
1765823962062 0.10148885101079941 77
1765823962136 0.10147973150014877 78
1765823962211 0.1014704555273056 79
1765823962292 0.10146075487136841 80
1765823962372 0.10145580023527145 81
1765823962453 0.1014505922794342 82
1765823962526 0.10144521296024323 83
1765823962589 0.10143963247537613 84
1765823962669 0.10143382847309113 85
1765823962748 0.1014278456568718 86
1765823962814 0.10142169147729874 87
1765823962884 0.10141534358263016 88
1765823962966 0.10140884667634964 89
1765823963040 0.10140220820903778 90
1765823963114 0.10139539837837219 91
1765823963190 0.10139190405607224 92
1765823963277 0.1013883650302887 93
1765823963367 0.10138474404811859 94
1765823963453 0.1013810932636261 95
1765823963555 0.10137736052274704 96
1765823963667 0.10137355327606201 97
1765823963759 0.1013697162270546 98
1765823963851 0.1013658344745636 99
1765823963947 0.10136187076568604 100
1765823964039 0.10135787725448608 101
1765823964131 0.10135383158922195 102
1765823955981 0.5027868747711182 0
