1765823955970 0.5227003693580627 0
1765823956045 0.46039342880249023 1
1765823956129 0.3960023820400238 2
1765823956212 0.32416823506355286 3
1765823956303 0.22748728096485138 4
1765823956397 0.12470179796218872 5
1765823956489 0.27368250489234924 6
1765823956587 0.23066696524620056 7
1765823956680 0.15456229448318481 8
1765823956775 0.1289297193288803 9
1765823956849 0.1457110345363617 10
1765823956921 0.16541476547718048 11
1765823957006 0.1759968250989914 12
1765823957079 0.17743848264217377 13
1765823957155 0.17194131016731262 14
1765823957227 0.16682787239551544 15
1765823957308 0.16009345650672913 16
1765823957383 0.15251825749874115 17
1765823957451 0.14492735266685486 18
1765823957522 0.13837026059627533 19
1765823957597 0.13361820578575134 20
1765823957670 0.13105612993240356 21
1765823957748 0.13074903190135956 22
1765823957821 0.13225391507148743 23
1765823957889 0.1346297264099121 24
1765823957956 0.13684943318367004 25
1765823958030 0.1374693065881729 26
1765823958103 0.13750723004341125 27
1765823958186 0.13696430623531342 28
1765823958246 0.13593122363090515 29
1765823958320 0.1345892995595932 30
1765823958398 0.1330917626619339 31
1765823958478 0.13160431385040283 32
1765823958552 0.1302657574415207 33
1765823958627 0.12917251884937286 34
1765823958705 0.12837262451648712 35
1765823958784 0.1278678923845291 36
1765823958854 0.1277157962322235 37
1765823958924 0.1276165097951889 38
1765823958999 0.1275559663772583 39
1765823959060 0.12752030789852142 40
1765823959128 0.1274966299533844 41
1765823959204 0.12747378647327423 42
1765823959277 0.12744247913360596 43
1765823959354 0.12739548087120056 44
1765823959428 0.1273278445005417 45
1765823959507 0.1272367686033249 46
1765823959576 0.12712141871452332 47
1765823959655 0.12705208361148834 48
1765823959806 0.12697219848632812 49
1765823959878 0.12688297033309937 50
1765823959954 0.1267857849597931 51
1765823960034 0.12668205797672272 52
1765823960110 0.12657323479652405 53
1765823960184 0.1264607310295105 54
1765823960256 0.12634588778018951 55
1765823960333 0.1262298822402954 56
1765823960493 0.12611381709575653 57
1765823960569 0.1259985715150833 58
1765823960649 0.12594130635261536 59
1765823960707 0.12588420510292053 60
1765823960785 0.12582741677761078 61
1765823960855 0.12577100098133087 62
1765823960933 0.12571509182453156 63
1765823961004 0.12565970420837402 64
1765823961078 0.12560489773750305 65
1765823961170 0.12555070221424103 66
1765823961254 0.12549708783626556 67
1765823961337 0.12544405460357666 68
1765823961421 0.12539158761501312 69
1765823961508 0.12536557018756866 70
1765823961596 0.12533961236476898 71
1765823961672 0.12531372904777527 72
1765823961744 0.12528792023658752 73
1765823961820 0.12526215612888336 74
1765823961898 0.1252364069223404 75
1765823961977 0.1252107322216034 76
1765823962054 0.1251850575208664 77
1765823962126 0.1251593679189682 78
1765823962202 0.1251336634159088 79
1765823962282 0.12510797381401062 80
1765823962363 0.12509509921073914 81
1765823962442 0.12508219480514526 82
1765823962517 0.125069260597229 83
1765823962579 0.12505629658699036 84
1765823962660 0.12504325807094574 85
1765823962740 0.12503021955490112 86
1765823962805 0.12501710653305054 87
1765823962874 0.12500396370887756 88
1765823962956 0.1249907836318016 89
1765823963031 0.12497755140066147 90
1765823963105 0.12496428936719894 91
1765823963179 0.1249576136469841 92
1765823963265 0.12495091557502747 93
1765823963356 0.12494421005249023 94
1765823963442 0.12493747472763062 95
1765823963542 0.1249307170510292 96
1765823963654 0.12492390722036362 97
1765823963747 0.12491708993911743 98
1765823963839 0.12491025775671005 99
1765823963935 0.1249033659696579 100
1765823964027 0.12489645928144455 101
1765823964118 0.1248895451426506 102
1765823955970 0.5227003693580627 0
