1765823380947 0.4816195070743561 0
1765823381053 0.46143966913223267 1
1765823381159 0.442620187997818 2
1765823381262 0.42564600706100464 3
1765823381362 0.4081666171550751 4
1765823381465 0.3899901211261749 5
1765823381571 0.37064290046691895 6
1765823381680 0.34837010502815247 7
1765823381775 0.3220360577106476 8
1765823381882 0.2896868586540222 9
1765823381983 0.24870091676712036 10
1765823382075 0.19401505589485168 11
1765823382167 0.12415078282356262 12
1765823382283 0.08591891080141068 13
1765823382403 0.19732141494750977 14
1765823382527 0.19333194196224213 15
1765823382641 0.1342381089925766 16
1765823382755 0.0936078429222107 17
1765823382859 0.08498994261026382 18
1765823382962 0.09065575897693634 19
1765823383070 0.10024847835302353 20
1765823383175 0.1080479770898819 21
1765823383270 0.11245334893465042 22
1765823383375 0.11360420286655426 23
1765823383473 0.11187871545553207 24
1765823383579 0.10791168361902237 25
1765823383674 0.10223133116960526 26
1765823383783 0.09895328432321548 27
1765823383881 0.09537628293037415 28
1765823383979 0.09178703278303146 29
1765823384073 0.08843092620372772 30
1765823384166 0.08574042469263077 31
1765823384269 0.08386324346065521 32
1765823384371 0.08278099447488785 33
1765823384476 0.08274298161268234 34
1765823384579 0.08323867619037628 35
1765823384684 0.0840827077627182 36
1765823384784 0.08514191955327988 37
1765823384889 0.08557232469320297 38
1765823384995 0.08580312132835388 39
1765823385095 0.08581598848104477 40
1765823385203 0.0856165662407875 41
1765823385302 0.08522669225931168 42
1765823385401 0.08468330651521683 43
1765823385496 0.08403166383504868 44
1765823385597 0.08334078639745712 45
1765823385699 0.08265076577663422 46
1765823385800 0.08202647417783737 47
1765823385901 0.08146240562200546 48
1765823386004 0.08120594173669815 49
1765823386105 0.08095499128103256 50
1765823386197 0.08072519302368164 51
1765823386302 0.08051103353500366 52
1765823386414 0.08032330125570297 53
1765823386514 0.08015098422765732 54
1765823386618 0.07999546080827713 55
1765823386709 0.07984966039657593 56
1765823386794 0.07971417158842087 57
1765823386882 0.07958529144525528 58
1765823386982 0.07946556061506271 59
1765823387083 0.07941008359193802 60
1765823387182 0.07935770601034164 61
1765823387277 0.07930723577737808 62
1765823387385 0.07925710082054138 63
1765823387484 0.07920724153518677 64
1765823387582 0.07915768027305603 65
1765823387681 0.07910875231027603 66
1765823387860 0.07905982434749603 67
1765823387962 0.07901085913181305 68
1765823388067 0.0789618119597435 69
1765823388167 0.07891268283128738 70
1765823388263 0.07888805121183395 71
1765823388362 0.07886335998773575 72
1765823388463 0.07883857935667038 73
1765823388569 0.07881374657154083 74
1765823388675 0.07878878712654114 75
1765823388771 0.07876373827457428 76
1765823388871 0.07873858511447906 77
1765823388977 0.07871348410844803 78
1765823389085 0.07868838310241699 79
1765823389189 0.0786631628870964 80
1765823389293 0.07863833010196686 81
1765823389382 0.07862597703933716 82
1765823389469 0.07861355692148209 83
1765823389577 0.07860106229782104 84
1765823389684 0.07858851552009583 85
1765823389778 0.07857590913772583 86
1765823389874 0.07856323570013046 87
1765823389984 0.07855048775672913 88
1765823390091 0.07853767275810242 89
1765823390192 0.07852479070425034 90
1765823390302 0.07851183414459229 91
1765823390399 0.07849879562854767 92
1765823390509 0.07849224656820297 93
1765823390604 0.0784856453537941 94
1765823390711 0.07847903668880463 95
1765823390827 0.07847236841917038 96
1765823390944 0.07846565544605255 97
1765823391076 0.07845892757177353 98
1765823391200 0.07845214754343033 99
1765823391323 0.07844533771276474 100
1765823391433 0.07843848317861557 101
1765823391531 0.07843159884214401 102
1765823391644 0.07842466980218887 103
1765823391742 0.0784211978316307 104
1765823391848 0.07841770350933075 105
1765823391956 0.0784142017364502 106
1765823392052 0.07841064780950546 107
1765823392153 0.07840709388256073 108
1765823392253 0.0784035250544548 109
1765823392364 0.07839994877576828 110
1765823392482 0.07839634269475937 111
1765823392599 0.07839272916316986 112
1765823392720 0.07838909327983856 113
1765823392824 0.07838542759418488 114
1765823380947 0.4816195070743561 0
