1765823380933 0.505652129650116 0
1765823381044 0.4859314262866974 1
1765823381150 0.46763426065444946 2
1765823381253 0.45135796070098877 3
1765823381352 0.43443500995635986 4
1765823381455 0.4169304072856903 5
1765823381561 0.398185133934021 6
1765823381671 0.37658077478408813 7
1765823381766 0.350926011800766 8
1765823381872 0.31948497891426086 9
1765823381975 0.2794345021247864 10
1765823382067 0.2265457659959793 11
1765823382158 0.1557469218969345 12
1765823382272 0.1010105311870575 13
1765823382392 0.2157314270734787 14
1765823382514 0.2119600474834442 15
1765823382632 0.158239483833313 16
1765823382746 0.11256025731563568 17
1765823382851 0.10058474540710449 18
1765823382954 0.11105581372976303 19
1765823383061 0.12506213784217834 20
1765823383166 0.13558313250541687 21
1765823383261 0.14142395555973053 22
1765823383366 0.14291095733642578 23
1765823383464 0.14068081974983215 24
1765823383570 0.13542672991752625 25
1765823383665 0.12791191041469574 26
1765823383774 0.12338690459728241 27
1765823383871 0.11834385246038437 28
1765823383969 0.11312563717365265 29
1765823384064 0.10811890661716461 30
1765823384155 0.10373525321483612 31
1765823384260 0.10036224871873856 32
1765823384363 0.09828295558691025 33
1765823384468 0.09758587926626205 34
1765823384570 0.09811080247163773 35
1765823384675 0.0994708240032196 36
1765823384775 0.10114897042512894 37
1765823384880 0.10185089707374573 38
1765823384985 0.10225924849510193 39
1765823385087 0.10233524441719055 40
1765823385194 0.10208167880773544 41
1765823385294 0.10153601318597794 42
1765823385393 0.10076086968183517 43
1765823385487 0.09983322769403458 44
1765823385588 0.09883403033018112 45
1765823385689 0.09783881157636642 46
1765823385791 0.09691048413515091 47
1765823385892 0.09609489887952805 48
1765823385994 0.0957385003566742 49
1765823386097 0.09541855752468109 50
1765823386188 0.09513626992702484 51
1765823386293 0.09489106386899948 52
1765823386405 0.09468081593513489 53
1765823386505 0.09450230002403259 54
1765823386609 0.09435145556926727 55
1765823386700 0.0942237600684166 56
1765823386786 0.0941145122051239 57
1765823386873 0.09401907026767731 58
1765823386972 0.09393305331468582 59
1765823387073 0.09389172494411469 60
1765823387174 0.09384995698928833 61
1765823387269 0.09380711615085602 62
1765823387375 0.09376277774572372 63
1765823387473 0.09371661394834518 64
1765823387574 0.09366840124130249 65
1765823387672 0.09361802041530609 66
1765823387851 0.0935654416680336 67
1765823387954 0.0935106873512268 68
1765823388057 0.09345384687185287 69
1765823388158 0.09339503198862076 70
1765823388254 0.09336471557617188 71
1765823388352 0.09333357959985733 72
1765823388453 0.0933016762137413 73
1765823388559 0.09326910972595215 74
1765823388664 0.09323592483997345 75
1765823388760 0.09320221096277237 76
1765823388862 0.09316803514957428 77
1765823388968 0.09313344210386276 78
1765823389076 0.09309850633144379 79
1765823389180 0.09306327998638153 80
1765823389282 0.09302780777215958 81
1765823389373 0.09300996363162994 82
1765823389459 0.09299198538064957 83
1765823389566 0.09297391027212143 84
1765823389675 0.09295573830604553 85
1765823389770 0.09293748438358307 86
1765823389865 0.09291916340589523 87
1765823389973 0.09290076047182083 88
1765823390083 0.09288229793310165 89
1765823390184 0.0928637906908989 90
1765823390294 0.09284522384405136 91
1765823390388 0.09282660484313965 92
1765823390500 0.0928172767162323 93
1765823390596 0.09280791133642197 94
1765823390701 0.09279853105545044 95
1765823390818 0.09278911352157593 96
1765823390934 0.09277965128421783 97
1765823391062 0.09277018159627914 98
1765823391188 0.09276067465543747 99
1765823391310 0.0927511528134346 100
1765823391424 0.09274158626794815 101
1765823391523 0.0927320197224617 102
1765823391635 0.09272240847349167 103
1765823391733 0.09271758794784546 104
1765823391839 0.09271275997161865 105
1765823391946 0.09270791709423065 106
1765823392043 0.09270305931568146 107
1765823392143 0.09269817918539047 108
1765823392242 0.0926932767033577 109
1765823392355 0.09268837422132492 110
1765823392469 0.09268344938755035 111
1765823392589 0.09267851710319519 112
1765823392710 0.09267356246709824 113
1765823392814 0.09266859292984009 114
1765823380933 0.505652129650116 0
