1765823380917 0.2556840479373932 0
1765823381033 0.23612934350967407 1
1765823381141 0.21868181228637695 2
1765823381243 0.2037239968776703 3
1765823381342 0.188733771443367 4
1765823381446 0.17383097112178802 5
1765823381550 0.1585513949394226 6
1765823381661 0.14181306958198547 7
1765823381756 0.12314905971288681 8
1765823381862 0.10207065939903259 9
1765823381966 0.07808363437652588 10
1765823382058 0.05132298171520233 11
1765823382149 0.024257102981209755 12
1765823382261 0.01020312774926424 13
1765823382380 0.046540047973394394 14
1765823382500 0.04492706432938576 15
1765823382621 0.025039736181497574 16
1765823382736 0.012669811025261879 17
1765823382841 0.010117290541529655 18
1765823382944 0.012333393096923828 19
1765823383052 0.015640538185834885 20
1765823383155 0.018382783979177475 21
1765823383252 0.02000073343515396 22
1765823383356 0.020423540845513344 23
1765823383455 0.019791094586253166 24
1765823383561 0.018340399488806725 25
1765823383655 0.016361458227038383 26
1765823383763 0.015224327333271503 27
1765823383862 0.014005267061293125 28
1765823383958 0.012797410599887371 29
1765823384054 0.011689698323607445 30
1765823384146 0.010761003009974957 31
1765823384250 0.01007258053869009 32
1765823384354 0.0096595399081707 33
1765823384458 0.009523004293441772 34
1765823384560 0.009625730104744434 35
1765823384666 0.009894444607198238 36
1765823384765 0.01023111492395401 37
1765823384869 0.010373604483902454 38
1765823384976 0.010456953197717667 39
1765823385077 0.010472501628100872 40
1765823385185 0.010420668870210648 41
1765823385285 0.010309562087059021 42
1765823385383 0.010152752511203289 43
1765823385478 0.009966673329472542 44
1765823385579 0.009768165647983551 45
1765823385680 0.00957243237644434 46
1765823385781 0.009391642175614834 47
1765823385880 0.009234230034053326 48
1765823385984 0.009165860712528229 49
1765823386087 0.00910470075905323 50
1765823386178 0.00905090942978859 51
1765823386282 0.009004314430058002 52
1765823386393 0.008964457549154758 53
1765823386495 0.008930684998631477 54
1765823386601 0.008902197703719139 55
1765823386690 0.008878117427229881 56
1765823386777 0.008857540786266327 57
1765823386863 0.008839585818350315 58
1765823386963 0.008823418989777565 59
1765823387063 0.00881565548479557 60
1765823387164 0.008807813748717308 61
1765823387259 0.008799774572253227 62
1765823387366 0.008791458792984486 63
1765823387463 0.008782804012298584 64
1765823387564 0.00877376925200224 65
1765823387662 0.008764333091676235 66
1765823387839 0.008754491806030273 67
1765823387945 0.008744249120354652 68
1765823388046 0.00873362086713314 69
1765823388148 0.008722632192075253 70
1765823388244 0.008716970682144165 71
1765823388342 0.00871115643531084 72
1765823388444 0.008705203421413898 73
1765823388549 0.008699126541614532 74
1765823388654 0.008692937903106213 75
1765823388749 0.008686652407050133 76
1765823388853 0.008680282160639763 77
1765823388956 0.008673837408423424 78
1765823389067 0.008667332120239735 79
1765823389169 0.008660774677991867 80
1765823389271 0.008654172532260418 81
1765823389364 0.008650853298604488 82
1765823389449 0.008647508919239044 83
1765823389555 0.008644147776067257 84
1765823389665 0.008640769869089127 85
1765823389761 0.008637376129627228 86
1765823389856 0.008633971214294434 87
1765823389962 0.008630551397800446 88
1765823390073 0.008627121336758137 89
1765823390175 0.008623683825135231 90
1765823390284 0.008620236068964005 91
1765823390378 0.008616778068244457 92
1765823390480 0.008615046739578247 93
1765823390586 0.00861330796033144 94
1765823390691 0.008611567318439484 95
1765823390806 0.008609820157289505 96
1765823390921 0.00860806368291378 97
1765823391048 0.008606307208538055 98
1765823391178 0.008604543283581734 99
1765823391298 0.008602776564657688 100
1765823391415 0.008601002395153046 101
1765823391513 0.008599227294325829 102
1765823391624 0.00859744567424059 103
1765823391724 0.008596550673246384 104
1765823391829 0.008595655672252178 105
1765823391934 0.008594757877290249 106
1765823392034 0.008593857288360596 107
1765823392131 0.00859295204281807 108
1765823392232 0.00859204400330782 109
1765823392345 0.008591135032474995 110
1765823392457 0.008590221405029297 111
1765823392578 0.008589306846261024 112
1765823392695 0.008588388562202454 113
1765823392805 0.008587467484176159 114
1765823380917 0.2556840479373932 0
