1765999488135 0.7721178531646729 0
1765999488224 0.7473284602165222 1
1765999488328 0.7263484597206116 2
1765999488433 0.7053020000457764 3
1765999488542 0.6843360066413879 4
1765999488763 0.6641066670417786 5
1765999488903 0.6429048776626587 6
1765999489041 0.6193801164627075 7
1765999489165 0.5928853750228882 8
1765999489249 0.5626292824745178 9
1765999489333 0.5276675820350647 10
1765999489509 0.48766905069351196 11
1765999489599 0.4387434124946594 12
1765999489680 0.37993723154067993 13
1765999489770 0.30614715814590454 14
1765999489861 0.2231578379869461 15
1765999489949 0.13787251710891724 16
1765999490039 0.06758426874876022 17
1765999490127 0.0303200650960207 18
1765999490215 0.03610820323228836 19
1765999490297 0.07276318967342377 20
1765999490381 0.1054464802145958 21
1765999490464 0.11523449420928955 22
1765999490551 0.1054641604423523 23
1765999490642 0.08581813424825668 24
1765999490719 0.06494346261024475 25
1765999490805 0.048378877341747284 26
1765999490879 0.03856074437499046 27
1765999490958 0.03532200679183006 28
1765999491045 0.03615177050232887 29
1765999491136 0.037469346076250076 30
1765999491218 0.0388902947306633 31
1765999491309 0.04014377295970917 32
1765999491398 0.04103861376643181 33
1765999491484 0.041459180414676666 34
1765999491571 0.04135647416114807 35
1765999491650 0.04073716700077057 36
1765999491735 0.039651695638895035 37
1765999491822 0.03818260878324509 38
1765999491906 0.03643327206373215 39
1765999491996 0.03451714292168617 40
1765999492072 0.03351155295968056 41
1765999492156 0.032473161816596985 42
1765999492234 0.031429652124643326 43
1765999492319 0.030405262485146523 44
1765999492408 0.029420088976621628 45
1765999492490 0.028489621356129646 46
1765999492575 0.027624497190117836 47
1765999492655 0.02683045156300068 48
1765999492734 0.02610854059457779 49
1765999492812 0.025455551221966743 50
1765999492895 0.02486458793282509 51
1765999492974 0.024588413536548615 52
1765999493054 0.02432095818221569 53
1765999493143 0.02405957505106926 54
1765999493240 0.023801840841770172 55
1765999493330 0.02354559488594532 56
1765999493417 0.02328898385167122 57
1765999493509 0.023030465468764305 58
1765999493597 0.022768842056393623 59
1765999493689 0.02250322513282299 60
1765999493781 0.022233057767152786 61
1765999493869 0.02195807732641697 62
1765999493962 0.021818017587065697 63
1765999494052 0.0216753501445055 64
1765999494141 0.021530278027057648 65
1765999494228 0.021383028477430344 66
1765999494316 0.021233849227428436 67
1765999494411 0.021082988008856773 68
1765999494514 0.020930705592036247 69
1765999494606 0.020777259021997452 70
1765999494695 0.020622892305254936 71
1765999494786 0.020467836409807205 72
1765999494882 0.020312318578362465 73
1765999494966 0.02023434266448021 74
1765999495052 0.020156094804406166 75
1765999495141 0.02007763460278511 76
1765999495222 0.019999006763100624 77
1765999495312 0.01992025412619114 78
1765999495391 0.019841402769088745 79
1765999495486 0.019762491807341576 80
1765999495586 0.01968354545533657 81
1765999495683 0.019604595378041267 82
1765999495785 0.019525660201907158 83
1765999495887 0.019446754828095436 84
1765999495983 0.019407300278544426 85
1765999496073 0.019367799162864685 86
1765999496162 0.019328268244862556 87
1765999496248 0.019288698211312294 88
1765999496327 0.019249090924859047 89
1765999496412 0.019209451973438263 90
1765999496496 0.019169777631759644 91
1765999496589 0.01913006789982319 92
1765999496682 0.019090330228209496 93
1765999496765 0.01905055344104767 94
1765999496853 0.019010750576853752 95
1765999496933 0.01899082213640213 96
1765999497023 0.01897086761891842 97
1765999497113 0.018950875848531723 98
1765999497200 0.01893085055053234 99
1765999497289 0.018910787999629974 100
1765999497370 0.01889069564640522 101
1765999497461 0.01887056604027748 102
1765999497535 0.018850399181246758 103
1765999497621 0.0188301969319582 104
1765999497701 0.018809961155056953 105
1765999497783 0.018789688125252724 106
1765999497865 0.01877952739596367 107
1765999497955 0.01876935176551342 108
1765999498048 0.018759150058031082 109
1765999498137 0.018748924136161804 110
1765999498227 0.018738681450486183 111
1765999498318 0.018728412687778473 112
1765999498405 0.018718121573328972 113
1765999498488 0.018707800656557083 114
1765999498576 0.018697464838624 115
1765999498660 0.01868710108101368 116
1765999498753 0.018676714971661568 117
1765999488135 0.7721178531646729 0
