1765999488146 0.8787023425102234 0
1765999488236 0.8644816279411316 1
1765999488340 0.8522607684135437 2
1765999488446 0.8398225903511047 3
1765999488554 0.8272460103034973 4
1765999488778 0.8149273991584778 5
1765999488917 0.8018134832382202 6
1765999489056 0.7870070338249207 7
1765999489175 0.7699905037879944 8
1765999489258 0.7500861883163452 9
1765999489344 0.7264072895050049 10
1765999489520 0.6983330249786377 11
1765999489608 0.662377119064331 12
1765999489689 0.6163904666900635 13
1765999489781 0.5533056855201721 14
1765999489871 0.4723958373069763 15
1765999489959 0.37131187319755554 16
1765999490051 0.2599697411060333 17
1765999490139 0.17412658035755157 18
1765999490225 0.1900215893983841 19
1765999490306 0.2697465419769287 20
1765999490390 0.3247252404689789 21
1765999490473 0.3394620716571808 22
1765999490560 0.32475244998931885 23
1765999490652 0.29294732213020325 24
1765999490730 0.25484007596969604 25
1765999490816 0.21995198726654053 26
1765999490890 0.19636890292167664 27
1765999490967 0.18794149160385132 28
1765999491056 0.19013619422912598 29
1765999491145 0.19357000291347504 30
1765999491228 0.19720622897148132 31
1765999491320 0.20035910606384277 32
1765999491408 0.20257990062236786 33
1765999491494 0.20361527800559998 34
1765999491580 0.20336291193962097 35
1765999491660 0.20183449983596802 36
1765999491745 0.19912733137607574 37
1765999491834 0.19540371000766754 38
1765999491917 0.19087502360343933 39
1765999492004 0.18578790128231049 40
1765999492081 0.1830616146326065 41
1765999492166 0.18020310997962952 42
1765999492245 0.1772841066122055 43
1765999492330 0.17437104880809784 44
1765999492417 0.171522855758667 45
1765999492500 0.16878868639469147 46
1765999492586 0.16620619595050812 47
1765999492664 0.16380003094673157 48
1765999492745 0.1615813672542572 49
1765999492823 0.15954795479774475 50
1765999492906 0.1576850861310959 51
1765999492985 0.15680693089962006 52
1765999493064 0.15595178306102753 53
1765999493154 0.15511149168014526 54
1765999493250 0.1542784571647644 55
1765999493341 0.15344573557376862 56
1765999493428 0.1526072919368744 57
1765999493519 0.15175791084766388 58
1765999493608 0.15089347958564758 59
1765999493701 0.15001074969768524 60
1765999493791 0.14910753071308136 61
1765999493880 0.14818258583545685 62
1765999493973 0.14770923554897308 63
1765999494061 0.1472255140542984 64
1765999494150 0.14673198759555817 65
1765999494238 0.14622937142848969 66
1765999494326 0.14571839570999146 67
1765999494423 0.14519982039928436 68
1765999494524 0.14467447996139526 69
1765999494617 0.14414319396018982 70
1765999494707 0.14360672235488892 71
1765999494795 0.14306584000587463 72
1765999494893 0.14252129197120667 73
1765999494977 0.14224746823310852 74
1765999495063 0.14197216928005219 75
1765999495152 0.14169557392597198 76
1765999495234 0.14141784608364105 77
1765999495323 0.14113913476467133 78
1765999495402 0.14085951447486877 79
1765999495498 0.14057913422584534 80
1765999495596 0.1402980536222458 81
1765999495696 0.14001640677452087 82
1765999495799 0.13973425328731537 83
1765999495898 0.13945162296295166 84
1765999495993 0.1393100917339325 85
1765999496082 0.13916824758052826 86
1765999496172 0.13902613520622253 87
1765999496259 0.13888375461101532 88
1765999496337 0.13874109089374542 89
1765999496423 0.13859817385673523 90
1765999496507 0.13845495879650116 91
1765999496599 0.1383114904165268 92
1765999496692 0.13816775381565094 93
1765999496774 0.1380237489938736 94
1765999496863 0.13787947595119476 95
1765999496942 0.1378071904182434 96
1765999497035 0.1377347707748413 97
1765999497122 0.13766218721866608 98
1765999497209 0.13758942484855652 99
1765999497298 0.13751649856567383 100
1765999497381 0.1374434232711792 101
1765999497470 0.13737018406391144 102
1765999497546 0.13729675114154816 103
1765999497632 0.13722316920757294 104
1765999497710 0.1371494084596634 105
1765999497793 0.1370754837989807 106
1765999497876 0.13703840970993042 107
1765999497966 0.13700129091739655 108
1765999498059 0.13696405291557312 109
1765999498147 0.13692671060562134 110
1765999498237 0.13688930869102478 111
1765999498327 0.13685178756713867 112
1765999498416 0.1368141919374466 113
1765999498497 0.13677646219730377 114
1765999498587 0.13673867285251617 115
1765999498669 0.13670077919960022 116
1765999498763 0.1366627812385559 117
1765999488146 0.8787023425102234 0
