1765999488158 0.8354078531265259 0
1765999488249 0.8208829164505005 1
1765999488352 0.8081580996513367 2
1765999488458 0.7954069375991821 3
1765999488599 0.7825275659561157 4
1765999488794 0.7697732448577881 5
1765999488932 0.7563306093215942 6
1765999489070 0.7412736415863037 7
1765999489184 0.7240195274353027 8
1765999489267 0.7038976550102234 9
1765999489359 0.6800145506858826 10
1765999489533 0.6516820788383484 11
1765999489618 0.6156826019287109 12
1765999489699 0.5696741342544556 13
1765999489790 0.5072736144065857 14
1765999489881 0.4290033280849457 15
1765999489968 0.3357284665107727 16
1765999490062 0.2356901913881302 17
1765999490148 0.15603980422019958 18
1765999490234 0.13174505531787872 19
1765999490315 0.21200373768806458 20
1765999490399 0.274971604347229 21
1765999490481 0.29009634256362915 22
1765999490570 0.2710481584072113 23
1765999490663 0.231268048286438 24
1765999490740 0.18547342717647552 25
1765999490826 0.14997181296348572 26
1765999490900 0.1413712352514267 27
1765999490976 0.15148834884166718 28
1765999491067 0.16674324870109558 29
1765999491153 0.17349718511104584 30
1765999491236 0.1789761185646057 31
1765999491328 0.1829724907875061 32
1765999491418 0.18550966680049896 33
1765999491502 0.18662606179714203 34
1765999491590 0.18639253079891205 35
1765999491668 0.1849048137664795 36
1765999491754 0.18226583302021027 37
1765999491848 0.17858487367630005 38
1765999491928 0.17399975657463074 39
1765999492013 0.16861747205257416 40
1765999492090 0.165602445602417 41
1765999492174 0.16234460473060608 42
1765999492255 0.15889880061149597 43
1765999492339 0.15530526638031006 44
1765999492425 0.1516437977552414 45
1765999492508 0.1479114294052124 46
1765999492596 0.14415855705738068 47
1765999492673 0.1403968185186386 48
1765999492755 0.13674186170101166 49
1765999492833 0.1332852989435196 50
1765999492916 0.13005083799362183 51
1765999492994 0.1285461038351059 52
1765999493072 0.12711426615715027 53
1765999493166 0.12577740848064423 54
1765999493259 0.12452511489391327 55
1765999493351 0.12333239614963531 56
1765999493439 0.12219107896089554 57
1765999493528 0.1211031973361969 58
1765999493619 0.12006264179944992 59
1765999493710 0.11906589567661285 60
1765999493801 0.11810009181499481 61
1765999493891 0.11716317385435104 62
1765999493982 0.11670896410942078 63
1765999494072 0.11626829206943512 64
1765999494160 0.11584005504846573 65
1765999494247 0.11542326211929321 66
1765999494336 0.11501697450876236 67
1765999494436 0.11462019383907318 68
1765999494533 0.11423109471797943 69
1765999494628 0.11384876817464828 70
1765999494717 0.11347237974405289 71
1765999494811 0.11310122907161713 72
1765999494903 0.1127341240644455 73
1765999494986 0.11255218833684921 74
1765999495072 0.1123715341091156 75
1765999495160 0.11219185590744019 76
1765999495244 0.11201288551092148 77
1765999495333 0.11183436959981918 78
1765999495412 0.11165603995323181 79
1765999495511 0.11147772520780563 80
1765999495607 0.11129913479089737 81
1765999495708 0.11112013459205627 82
1765999495812 0.11094053089618683 83
1765999495909 0.11076012253761292 84
1765999496001 0.11066947132349014 85
1765999496092 0.11057828366756439 86
1765999496181 0.11048655956983566 87
1765999496267 0.11039428412914276 88
1765999496346 0.11030139774084091 89
1765999496432 0.1102079376578331 90
1765999496517 0.11011382937431335 91
1765999496609 0.11001911014318466 92
1765999496701 0.10992372035980225 93
1765999496784 0.10982763022184372 94
1765999496872 0.10973089933395386 95
1765999496951 0.10968217253684998 96
1765999497045 0.10963311791419983 97
1765999497132 0.10958372056484222 98
1765999497218 0.10953397303819656 99
1765999497307 0.10948389768600464 100
1765999497391 0.10943351686000824 101
1765999497480 0.10938282310962677 102
1765999497557 0.10933177918195724 103
1765999497640 0.10928043723106384 104
1765999497719 0.10922879725694656 105
1765999497804 0.10917683690786362 106
1765999497886 0.10915069282054901 107
1765999497977 0.10912441462278366 108
1765999498069 0.10909798741340637 109
1765999498157 0.10907142609357834 110
1765999498247 0.10904472321271896 111
1765999498336 0.10901787132024765 112
1765999498426 0.10899088531732559 113
1765999498507 0.10896377265453339 114
1765999498597 0.10893654823303223 115
1765999498679 0.10890916734933853 116
1765999498775 0.10888165980577469 117
1765999488158 0.8354078531265259 0
