1765823594255 0.3649028241634369 0
1765823594454 0.2638532817363739 1
1765823594669 0.12373242527246475 2
1765823594895 0.6567965745925903 3
1765823595109 0.12189631164073944 4
1765823595317 0.2100190669298172 5
1765823595521 0.25339141488075256 6
1765823595747 0.2654656171798706 7
1765823595970 0.2659926116466522 8
1765823596166 0.2600525915622711 9
1765823596373 0.2515735328197479 10
1765823596598 0.23905853927135468 11
1765823596797 0.22181329131126404 12
1765823597056 0.198499396443367 13
1765823597309 0.16763566434383392 14
1765823597533 0.1352064609527588 15
1765823597770 0.1311476081609726 16
1765823597975 0.1430448591709137 17
1765823598165 0.15357829630374908 18
1765823598372 0.14737866818904877 19
1765823598597 0.1377236396074295 20
1765823598804 0.13032107055187225 21
1765823599022 0.12765075266361237 22
1765823599241 0.1283055990934372 23
1765823599443 0.1301223188638687 24
1765823599659 0.1316491961479187 25
1765823599866 0.13220083713531494 26
1765823600070 0.13157209753990173 27
1765823600295 0.12983152270317078 28
1765823600644 0.1272277534008026 29
1765823600923 0.12565186619758606 30
1765823601172 0.12392228096723557 31
1765823601379 0.12218935787677765 32
1765823601615 0.12060554325580597 33
1765823601820 0.11930415779352188 34
1765823602013 0.11837118119001389 35
1765823602219 0.11781606823205948 36
1765823602431 0.1175539568066597 37
1765823602655 0.11741355806589127 38
1765823602844 0.11717856675386429 39
1765823603064 0.11665429919958115 40
1765823603270 0.11573423445224762 41
1765823603471 0.11443492770195007 42
1765823603672 0.11288131773471832 43
1765823603873 0.1112498939037323 44
1765823604105 0.10969729721546173 45
1765823604301 0.10830613970756531 46
1765823604503 0.10706640034914017 47
1765823604712 0.10589207708835602 48
1765823604976 0.10465934127569199 49
1765823605216 0.10325033962726593 50
1765823605423 0.10159376263618469 51
1765823605631 0.09970155358314514 52
1765823605832 0.0977027416229248 53
1765823606046 0.09586042910814285 54
1765823606260 0.09450429677963257 55
1765823606468 0.09371867030858994 56
1765823606681 0.09302270412445068 57
1765823606895 0.09150152653455734 58
1765823607112 0.0895904079079628 59
1765823607307 0.08849546313285828 60
1765823607563 0.08819927275180817 61
1765823607820 0.08792972564697266 62
1765823608065 0.08723065257072449 63
1765823608293 0.08635345846414566 64
1765823608518 0.08587384968996048 65
1765823608727 0.08571319282054901 66
1765823608939 0.08512373268604279 67
1765823609152 0.0841793492436409 68
1765823609383 0.08346270769834518 69
1765823609578 0.08296199142932892 70
1765823609803 0.08233346790075302 71
1765823610024 0.08151232451200485 72
1765823610221 0.08073922246694565 73
1765823610428 0.08018137514591217 74
1765823610635 0.07968740165233612 75
1765823610842 0.07905153185129166 76
1765823611045 0.07834071666002274 77
1765823611225 0.07773082703351974 78
1765823611427 0.0774669349193573 79
1765823611642 0.07719919085502625 80
1765823611858 0.07690941542387009 81
1765823612043 0.07659851759672165 82
1765823612251 0.07628202438354492 83
1765823612452 0.07597632706165314 84
1765823612685 0.07568596303462982 85
1765823612904 0.07540152221918106 86
1765823613110 0.07510898262262344 87
1765823613328 0.07480214536190033 88
1765823613536 0.0744868665933609 89
1765823613748 0.0743294283747673 90
1765823613947 0.07417373359203339 91
1765823614167 0.07402066141366959 92
1765823614385 0.07386959344148636 93
1765823614599 0.07371894270181656 94
1765823614805 0.0735669881105423 95
1765823615008 0.07341262698173523 96
1765823615215 0.0732557401061058 97
1765823615440 0.07309705764055252 98
1765823615645 0.07293770462274551 99
1765823615961 0.07277858257293701 100
1765823616190 0.072699174284935 101
1765823616429 0.07261974364519119 102
1765823616651 0.07254017144441605 103
1765823616853 0.07246032357215881 104
1765823617073 0.07238006591796875 105
1765823617275 0.0722993016242981 106
1765823617495 0.07221799343824387 107
1765823617707 0.07213617116212845 108
1765823617877 0.0720539391040802 109
1765823618077 0.07197140157222748 110
1765823618274 0.07188858836889267 111
1765823618521 0.07180559635162354 112
1765823618775 0.07172228395938873 113
1765823618997 0.07163888216018677 114
1765823619211 0.07155515998601913 115
1765823619427 0.07147104293107986 116
1765823619627 0.07138673216104507 117
1765823619853 0.07130198180675507 118
1765823620070 0.07121686637401581 119
1765823620284 0.07113145291805267 120
1765823620508 0.07104554027318954 121
1765823620699 0.07095911353826523 122
1765823620922 0.0708722472190857 123
1765823621152 0.07078508287668228 124
1765823621361 0.0706975907087326 125
1765823621564 0.07060974091291428 126
1765823621763 0.07052142173051834 127
1765823621987 0.07043261080980301 128
1765823622202 0.07034336775541306 129
1765823622403 0.07025358825922012 130
1765823622614 0.07016326487064362 131
1765823622835 0.07007239758968353 132
1765823623058 0.06998125463724136 133
1765823623294 0.06988970190286636 134
1765823623523 0.06979762017726898 135
1765823623711 0.06970500946044922 136
1765823623947 0.06961189955472946 137
1765823624165 0.06951837986707687 138
1765823624359 0.06942428648471832 139
1765823624555 0.06932959705591202 140
1765823624781 0.06923429667949677 141
1765823625003 0.06913839280605316 142
1765823625219 0.06904187798500061 143
1765823625421 0.06899334490299225 144
1765823625620 0.06894458085298538 145
1765823625857 0.06889557838439941 146
1765823626086 0.06884636729955673 147
1765823626286 0.06879694014787674 148
1765823626512 0.06874728202819824 149
1765823626704 0.06869739294052124 150
1765823626927 0.06864728033542633 151
1765823627133 0.06859694421291351 152
1765823627327 0.06854637712240219 153
1765823627555 0.06849560886621475 154
1765823627782 0.06847012042999268 155
1765823627969 0.06844454258680344 156
1765823628195 0.06841887533664703 157
1765823628416 0.06839311867952347 158
1765823628671 0.06836727261543274 159
1765823628930 0.06834133714437485 160
1765823629184 0.06831531971693039 161
1765823629381 0.06828921288251877 162
1765823629602 0.06826302409172058 163
1765823629794 0.06823674589395523 164
1765823630018 0.06821038573980331 165
1765823630221 0.06819717586040497 166
1765823630451 0.06818392127752304 167
1765823630665 0.06817063689231873 168
1765823630892 0.06815731525421143 169
1765823631175 0.06814395636320114 170
1765823631377 0.06813057512044907 171
1765823631579 0.06811714917421341 172
1765823631783 0.06810370087623596 173
1765823631972 0.06809021532535553 174
1765823632177 0.06807669997215271 175
1765823632384 0.0680631473660469 176
1765823632612 0.06805635988712311 177
1765823632835 0.06804955750703812 178
1765823633019 0.06804274022579193 179
1765823633233 0.06803590804338455 180
1765823633466 0.06802906841039658 181
1765823633673 0.06802220642566681 182
1765823633868 0.06801534444093704 183
1765823634092 0.06800846010446548 184
1765823634297 0.06800156086683273 185
1765823634522 0.06799464672803879 186
1765823634757 0.06798772513866425 187
1765823634990 0.06798426061868668 188
1765823635215 0.06798078864812851 189
1765823635466 0.06797730177640915 190
1765823635670 0.06797382235527039 191
1765823635889 0.06797032803297043 192
1765823636094 0.06796683371067047 193
1765823636293 0.06796333938837051 194
1765823636523 0.06795983016490936 195
1765823636733 0.06795631349086761 196
1765823636930 0.06795278936624527 197
1765823637149 0.06794926524162292 198
1765823637366 0.06794750690460205 199
1765823637589 0.06794573366641998 200
1765823637813 0.06794396787881851 201
1765823638029 0.06794219464063644 202
1765823638257 0.06794041395187378 203
1765823638472 0.06793864071369171 204
1765823638709 0.06793685257434845 205
1765823638911 0.06793507933616638 206
1765823639133 0.06793329119682312 207
1765823639358 0.06793150305747986 208
1765823639593 0.067929707467556 209
1765823639845 0.06792881339788437 210
1765823640098 0.06792791187763214 211
1765823640310 0.06792701780796051 212
1765823640520 0.06792611628770828 213
1765823640740 0.06792521476745605 214
1765823640937 0.06792431324720383 215
1765823641155 0.067923404276371 216
1765823641386 0.06792250275611877 217
1765823641585 0.06792159378528595 218
1765823641811 0.06792068481445312 219
1765823642020 0.0679197758436203 220
1765823642221 0.06791932135820389 221
1765823642418 0.06791886687278748 222
1765823642638 0.06791841238737106 223
1765823642842 0.06791795045137405 224
1765823643038 0.06791749596595764 225
1765823643260 0.06791704148054123 226
1765823643503 0.06791657954454422 227
1765823643724 0.06791611760854721 228
1765823643929 0.0679156631231308 229
1765823644147 0.06791520118713379 230
1765823644339 0.06791473925113678 231
1765823594255 0.3649028241634369 0
