1765823594244 0.13315407931804657 0
1765823594442 0.06961855292320251 1
1765823594660 0.0153097128495574 2
1765823594884 0.4313817620277405 3
1765823595100 0.014858710579574108 4
1765823595306 0.04410800710320473 5
1765823595512 0.06420721113681793 6
1765823595736 0.07047198712825775 7
1765823595961 0.07075206935405731 8
1765823596154 0.06762734800577164 9
1765823596364 0.06328924000263214 10
1765823596589 0.05714898556470871 11
1765823596785 0.04920113831758499 12
1765823597044 0.039402008056640625 13
1765823597297 0.028101718053221703 14
1765823597523 0.018280787393450737 15
1765823597758 0.017199696972966194 16
1765823597964 0.020461833104491234 17
1765823598155 0.023586291819810867 18
1765823598363 0.02172047272324562 19
1765823598588 0.018967799842357635 20
1765823598793 0.016983581706881523 21
1765823599013 0.01629471406340599 22
1765823599231 0.016462326049804688 23
1765823599433 0.016931816935539246 24
1765823599649 0.01733151264488697 25
1765823599857 0.017477061599493027 26
1765823600059 0.0173112154006958 27
1765823600284 0.016856225207448006 28
1765823600629 0.016186900436878204 29
1765823600909 0.01578839309513569 30
1765823601161 0.015356732532382011 31
1765823601369 0.014930239878594875 32
1765823601605 0.014545696787536144 33
1765823601810 0.0142334820702672 34
1765823602002 0.014011736959218979 35
1765823602209 0.013880626298487186 36
1765823602420 0.013818932697176933 37
1765823602644 0.013785944320261478 38
1765823602834 0.013730816543102264 39
1765823603052 0.013608225621283054 40
1765823603261 0.013394413515925407 41
1765823603462 0.013095352798700333 42
1765823603661 0.012742191553115845 43
1765823603864 0.012376539409160614 44
1765823604096 0.012033496983349323 45
1765823604292 0.011730220168828964 46
1765823604495 0.01146321464329958 47
1765823604700 0.011213132180273533 48
1765823604964 0.010953578166663647 49
1765823605206 0.010660632513463497 50
1765823605414 0.010321293026208878 51
1765823605620 0.009940399788320065 52
1765823605821 0.00954582542181015 53
1765823606037 0.009189222007989883 54
1765823606251 0.008931062184274197 55
1765823606458 0.0087831886485219 56
1765823606670 0.008653223514556885 57
1765823606884 0.008372529409825802 58
1765823607102 0.008026440627872944 59
1765823607296 0.007831446826457977 60
1765823607551 0.0077791111543774605 61
1765823607808 0.0077316369861364365 62
1765823608056 0.007609187159687281 63
1765823608284 0.007456919644027948 64
1765823608507 0.007374318316578865 65
1765823608717 0.007346751634031534 66
1765823608930 0.007246050052344799 67
1765823609142 0.007086162455379963 68
1765823609373 0.006966023240238428 69
1765823609568 0.0068826922215521336 70
1765823609794 0.0067787994630634785 71
1765823610016 0.006644258741289377 72
1765823610210 0.006518822629004717 73
1765823610419 0.006429052446037531 74
1765823610626 0.006350081879645586 75
1765823610832 0.0062491451390087605 76
1765823611033 0.006137268152087927 77
1765823611213 0.006042081862688065 78
1765823611418 0.006001126486808062 79
1765823611632 0.005959714762866497 80
1765823611849 0.005915058311074972 81
1765823612033 0.005867332685738802 82
1765823612242 0.005818947218358517 83
1765823612442 0.005772402044385672 84
1765823612675 0.005728365387767553 85
1765823612893 0.005685389041900635 86
1765823613099 0.005641359370201826 87
1765823613318 0.005595360416918993 88
1765823613526 0.005548293236643076 89
1765823613740 0.005524863954633474 90
1765823613937 0.0055017429403960705 91
1765823614157 0.005479058716446161 92
1765823614376 0.0054567172192037106 93
1765823614588 0.005434482824057341 94
1765823614795 0.005412101745605469 95
1765823614997 0.005389413796365261 96
1765823615204 0.0053664036095142365 97
1765823615431 0.005343179684132338 98
1765823615633 0.005319908261299133 99
1765823615951 0.005296722054481506 100
1765823616180 0.005285170394927263 101
1765823616418 0.005273626651614904 102
1765823616639 0.005262076389044523 103
1765823616841 0.005250498186796904 104
1765823617062 0.005238873418420553 105
1765823617264 0.005227189045399427 106
1765823617484 0.005215439014136791 107
1765823617696 0.00520362751558423 108
1765823617866 0.005191769916564226 109
1765823618067 0.0051798829808831215 110
1765823618264 0.005167969036847353 111
1765823618511 0.005156043916940689 112
1765823618762 0.005144086200743914 113
1765823618986 0.0051321289502084255 114
1765823619202 0.005120140500366688 115
1765823619416 0.005108110141009092 116
1765823619618 0.00509606534615159 117
1765823619842 0.005083972122520208 118
1765823620060 0.005071842577308416 119
1765823620275 0.005059683229774237 120
1765823620498 0.005047468468546867 121
1765823620687 0.005035195499658585 122
1765823620913 0.005022875033318996 123
1765823621143 0.005010527558624744 124
1765823621352 0.00499814935028553 125
1765823621552 0.004985735286027193 126
1765823621754 0.0049732704646885395 127
1765823621976 0.004960752557963133 128
1765823622192 0.004948189482092857 129
1765823622393 0.0049355668015778065 130
1765823622603 0.004922883585095406 131
1765823622823 0.004910140763968229 132
1765823623047 0.004897375591099262 133
1765823623281 0.004884570371359587 134
1765823623513 0.004871707875281572 135
1765823623702 0.004858788568526506 136
1765823623936 0.004845816642045975 137
1765823624155 0.004832805600017309 138
1765823624349 0.004819731693714857 139
1765823624545 0.004806592594832182 140
1765823624771 0.004793387372046709 141
1765823624992 0.004780116956681013 142
1765823625210 0.004766780883073807 143
1765823625412 0.00476008141413331 144
1765823625609 0.00475335493683815 145
1765823625846 0.004746600985527039 146
1765823626076 0.0047398223541677 147
1765823626276 0.004733019042760134 148
1765823626501 0.004726188722997904 149
1765823626693 0.004719331860542297 150
1765823626918 0.004712449386715889 151
1765823627123 0.004705540370196104 152
1765823627316 0.004698605742305517 153
1765823627545 0.00469164876267314 154
1765823627773 0.004688157234340906 155
1765823627958 0.004684655461460352 156
1765823628186 0.004681142512708902 157
1765823628406 0.004677618388086557 158
1765823628657 0.004674084018915892 159
1765823628916 0.0046705384738743305 160
1765823629172 0.004666982684284449 161
1765823629370 0.004663416650146246 162
1765823629592 0.0046598403714597225 163
1765823629784 0.004656253382563591 164
1765823630008 0.004652657080441713 165
1765823630209 0.004650854505598545 166
1765823630443 0.004649047274142504 167
1765823630656 0.004647235386073589 168
1765823630879 0.0046454197727143764 169
1765823631166 0.004643599037081003 170
1765823631366 0.004641775041818619 171
1765823631566 0.004639946389943361 172
1765823631774 0.004638114478439093 173
1765823631963 0.004636276978999376 174
1765823632167 0.004634437151253223 175
1765823632374 0.00463259220123291 176
1765823632601 0.004631668329238892 177
1765823632825 0.004630742594599724 178
1765823633009 0.004629814997315407 179
1765823633224 0.004628885071724653 180
1765823633457 0.004627954214811325 181
1765823633661 0.00462702102959156 182
1765823633856 0.004626086913049221 183
1765823634082 0.004625150468200445 184
1765823634287 0.00462421216070652 185
1765823634512 0.004623272456228733 186
1765823634747 0.0046223304234445095 187
1765823634981 0.004621859639883041 188
1765823635204 0.004621387924998999 189
1765823635456 0.004620913881808519 190
1765823635659 0.004620440769940615 191
1765823635879 0.004619965795427561 192
1765823636084 0.004619490820914507 193
1765823636283 0.004619015380740166 194
1765823636512 0.004618538077920675 195
1765823636723 0.0046180603094398975 196
1765823636919 0.0046175820752978325 197
1765823637140 0.004617102909833193 198
1765823637357 0.004616864025592804 199
1765823637577 0.0046166228130459785 200
1765823637803 0.004616382531821728 201
1765823638020 0.00461614178493619 202
1765823638246 0.004615900106728077 203
1765823638461 0.0046156588941812515 204
1765823638700 0.004615416284650564 205
1765823638903 0.0046151746064424515 206
1765823639122 0.004614931996911764 207
1765823639349 0.0046146889217197895 208
1765823639579 0.0046144453808665276 209
1765823639834 0.00461432384327054 210
1765823640083 0.004614201374351978 211
1765823640298 0.004614079371094704 212
1765823640511 0.004613957367837429 213
1765823640729 0.004613834898918867 214
1765823640928 0.004613711964339018 215
1765823641145 0.004613589029759169 216
1765823641376 0.004613466560840607 217
1765823641575 0.00461334316059947 218
1765823641800 0.004613219760358334 219
1765823642009 0.004613096360117197 220
1765823642209 0.004613034427165985 221
1765823642408 0.0046129729598760605 222
1765823642629 0.004612910561263561 223
1765823642832 0.004612848162651062 224
1765823643028 0.00461278622969985 225
1765823643250 0.004612724296748638 226
1765823643490 0.004612661898136139 227
1765823643712 0.00461259949952364 228
1765823643919 0.0046125371009111404 229
1765823644137 0.004612474702298641 230
1765823644328 0.004612412303686142 231
1765823594244 0.13315407931804657 0
