1765823594265 0.3372625410556793 0
1765823594465 0.2309398055076599 1
1765823594679 0.09728220850229263 2
1765823594904 0.6501200795173645 3
1765823595118 0.09582653641700745 4
1765823595326 0.17705278098583221 5
1765823595529 0.2197362184524536 6
1765823595757 0.23178663849830627 7
1765823595979 0.23231801390647888 8
1765823596175 0.2263832986354828 9
1765823596382 0.2178763896226883 10
1765823596607 0.20528022944927216 11
1765823596809 0.1880943924188614 12
1765823597065 0.1656131148338318 13
1765823597322 0.1367914378643036 14
1765823597542 0.10765931755304337 15
1765823597779 0.10324384272098541 16
1765823597984 0.11463823914527893 17
1765823598174 0.12590010464191437 18
1765823598381 0.11970808357000351 19
1765823598607 0.10950259119272232 20
1765823598814 0.10260455310344696 21
1765823599030 0.10054541379213333 22
1765823599249 0.10152498632669449 23
1765823599452 0.10330689698457718 24
1765823599667 0.1046992614865303 25
1765823599875 0.1052478700876236 26
1765823600078 0.10471345484256744 27
1765823600306 0.10319548100233078 28
1765823600658 0.10093892365694046 29
1765823600935 0.09954557567834854 30
1765823601182 0.09799616783857346 31
1765823601387 0.09645312279462814 32
1765823601623 0.09492604434490204 33
1765823601829 0.09373181313276291 34
1765823602024 0.09296919405460358 35
1765823602227 0.09261038154363632 36
1765823602440 0.09250598400831223 37
1765823602665 0.09254492819309235 38
1765823602855 0.0924939289689064 39
1765823603074 0.09216012805700302 40
1765823603279 0.0914435088634491 41
1765823603481 0.09035292267799377 42
1765823603680 0.08902566879987717 43
1765823603884 0.08760572969913483 44
1765823604113 0.08622034639120102 45
1765823604310 0.08503080159425735 46
1765823604513 0.08396310359239578 47
1765823604723 0.08293267339468002 48
1765823604987 0.08191084861755371 49
1765823605226 0.08077201247215271 50
1765823605433 0.07946409285068512 51
1765823605640 0.07801689952611923 52
1765823605840 0.07650631666183472 53
1765823606055 0.07502622157335281 54
1765823606269 0.07383972406387329 55
1765823606477 0.07297028601169586 56
1765823606692 0.0719597339630127 57
1765823606906 0.07046245038509369 58
1765823607120 0.06899887323379517 59
1765823607320 0.0685635581612587 60
1765823607575 0.06881020218133926 61
1765823607832 0.06876134127378464 62
1765823608075 0.0680658146739006 63
1765823608302 0.06687085330486298 64
1765823608528 0.06579723954200745 65
1765823608737 0.06526617705821991 66
1765823608948 0.06481573730707169 67
1765823609161 0.06438618898391724 68
1765823609393 0.0643492117524147 69
1765823609587 0.06428968906402588 70
1765823609812 0.06386762112379074 71
1765823610033 0.06304752826690674 72
1765823610229 0.06215750426054001 73
1765823610437 0.061444710940122604 74
1765823610644 0.06098610535264015 75
1765823610852 0.06054656207561493 76
1765823611054 0.0601637028157711 77
1765823611234 0.05997435003519058 78
1765823611436 0.05987131968140602 79
1765823611650 0.05971661955118179 80
1765823611867 0.05949706211686134 81
1765823612052 0.059216808527708054 82
1765823612260 0.05889304727315903 83
1765823612463 0.05856415629386902 84
1765823612694 0.058261774480342865 85
1765823612914 0.05798521637916565 86
1765823613120 0.05773673579096794 87
1765823613336 0.0575086735188961 88
1765823613544 0.05729831010103226 89
1765823613757 0.05719946324825287 90
1765823613956 0.057106420397758484 91
1765823614176 0.057021014392375946 92
1765823614394 0.056932441890239716 93
1765823614607 0.0568339005112648 94
1765823614813 0.05672295764088631 95
1765823615019 0.056599210947752 96
1765823615226 0.05646367743611336 97
1765823615449 0.056318946182727814 98
1765823615655 0.05617114156484604 99
1765823615970 0.05602126941084862 100
1765823616201 0.05594681203365326 101
1765823616437 0.0558738112449646 102
1765823616660 0.05580254644155502 103
1765823616865 0.055732764303684235 104
1765823617081 0.05566475912928581 105
1765823617285 0.05559880658984184 106
1765823617505 0.05553510785102844 107
1765823617716 0.05547307804226875 108
1765823617887 0.05541229993104935 109
1765823618086 0.05535241588950157 110
1765823618284 0.05529297888278961 111
1765823618532 0.05523352697491646 112
1765823618787 0.05517389625310898 113
1765823619008 0.05511375516653061 114
1765823619220 0.055052515119314194 115
1765823619437 0.05498994514346123 116
1765823619636 0.05492598935961723 117
1765823619863 0.05486058443784714 118
1765823620078 0.054794345051050186 119
1765823620292 0.05472679063677788 120
1765823620517 0.05465792492032051 121
1765823620710 0.054588112980127335 122
1765823620931 0.05451842397451401 123
1765823621161 0.05444876849651337 124
1765823621370 0.05437980219721794 125
1765823621573 0.05431118234992027 126
1765823621772 0.05424303561449051 127
1765823621997 0.05417506769299507 128
1765823622211 0.05410738289356232 129
1765823622411 0.05403988063335419 130
1765823622624 0.05397370830178261 131
1765823622844 0.05390835925936699 132
1765823623068 0.053843092173337936 133
1765823623305 0.05377768725156784 134
1765823623532 0.05371187999844551 135
1765823623720 0.05364556983113289 136
1765823623957 0.053578659892082214 137
1765823624174 0.053511060774326324 138
1765823624368 0.05344264954328537 139
1765823624564 0.05337359011173248 140
1765823624791 0.05330454930663109 141
1765823625012 0.053235262632369995 142
1765823625228 0.053165633231401443 143
1765823625429 0.053130947053432465 144
1765823625629 0.05309601500630379 145
1765823625866 0.05306084826588631 146
1765823626097 0.0530255064368248 147
1765823626295 0.05298997089266777 148
1765823626521 0.052954696118831635 149
1765823626715 0.052919331938028336 150
1765823626936 0.0528838224709034 151
1765823627142 0.05284816399216652 152
1765823627338 0.05281239375472069 153
1765823627563 0.05277660861611366 154
1765823627792 0.052758652716875076 155
1765823627980 0.05274062976241112 156
1765823628205 0.052722543478012085 157
1765823628426 0.052704714238643646 158
1765823628680 0.05268681421875954 159
1765823628943 0.052668843418359756 160
1765823629194 0.0526508130133152 161
1765823629392 0.05263272300362587 162
1765823629610 0.05261455476284027 163
1765823629804 0.0525963269174099 164
1765823630028 0.05257803946733475 165
1765823630229 0.05256885662674904 166
1765823630460 0.05255964398384094 167
1765823630673 0.052550408989191055 168
1765823630906 0.052541136741638184 169
1765823631184 0.05253184214234352 170
1765823631387 0.052522510290145874 171
1765823631590 0.05251314491033554 172
1765823631791 0.052503764629364014 173
1765823631981 0.0524943470954895 174
1765823632186 0.0524848997592926 175
1765823632392 0.052475426346063614 176
1765823632621 0.05247068032622337 177
1765823632846 0.05246591195464134 178
1765823633028 0.05246113985776901 179
1765823633242 0.05245635285973549 180
1765823633474 0.05245155841112137 181
1765823633682 0.052446749061346054 182
1765823633877 0.052441924810409546 183
1765823634101 0.05243709310889244 184
1765823634306 0.05243224278092384 185
1765823634531 0.052427392452955246 186
1765823634767 0.05242251977324486 187
1765823634998 0.052420079708099365 188
1765823635224 0.052417635917663574 189
1765823635477 0.05241519212722778 190
1765823635681 0.0524127334356308 191
1765823635897 0.052410274744033813 192
1765823636103 0.05240781232714653 193
1765823636304 0.05240534618496895 194
1765823636531 0.05240287259221077 195
1765823636742 0.05240039899945259 196
1765823636940 0.05239791050553322 197
1765823637159 0.052395425736904144 198
1765823637375 0.05239418148994446 199
1765823637599 0.05239293724298477 200
1765823637822 0.05239168927073479 201
1765823638038 0.05239043012261391 202
1765823638267 0.052389174699783325 203
1765823638482 0.05238792300224304 204
1765823638717 0.052386656403541565 205
1765823638920 0.052385397255420685 206
1765823639143 0.0523841418325901 207
1765823639367 0.05238288268446922 208
1765823639606 0.05238161236047745 209
1765823639856 0.05238097533583641 210
1765823640107 0.052380338311195374 211
1765823640322 0.052379705011844635 212
1765823640529 0.0523790642619133 213
1765823640749 0.05237842723727226 214
1765823640946 0.052377790212631226 215
1765823641166 0.05237715318799019 216
1765823641395 0.05237651243805885 217
1765823641594 0.05237586423754692 218
1765823641821 0.05237521976232529 219
1765823642032 0.05237458273768425 220
1765823642231 0.052374258637428284 221
1765823642427 0.052373941987752914 222
1765823642647 0.05237361416220665 223
1765823642851 0.052373290061950684 224
1765823643048 0.05237296223640442 225
1765823643268 0.05237264186143875 226
1765823643515 0.05237231403589249 227
1765823643735 0.05237198993563652 228
1765823643939 0.052371662110090256 229
1765823644156 0.05237133428454399 230
1765823644350 0.052371006458997726 231
1765823594265 0.3372625410556793 0
