1765824027771 0.2597419321537018 0
1765824028374 0.20416396856307983 1
1765824028802 0.13892388343811035 2
1765824029258 0.04411270096898079 3
1765824029619 0.19948774576187134 4
1765824029988 0.04923509806394577 5
1765824030472 0.03157766908407211 6
1765824030779 0.05358915776014328 7
1765824031201 0.06567762792110443 8
1765824031482 0.06727507710456848 9
1765824031751 0.06200803443789482 10
1765824031978 0.05301288142800331 11
1765824032217 0.04304756224155426 12
1765824032432 0.03471967950463295 13
1765824032658 0.03031717985868454 14
1765824032888 0.03075416386127472 15
1765824033083 0.034833140671253204 16
1765824033295 0.036468297243118286 17
1765824033618 0.0368390791118145 18
1765824033868 0.036015596240758896 19
1765824034059 0.03442872688174248 20
1765824034295 0.03260044753551483 21
1765824034570 0.03095434419810772 22
1765824034837 0.02973146364092827 23
1765824035050 0.028993356972932816 24
1765824035361 0.028671633452177048 25
1765824035575 0.02862761914730072 26
1765824035825 0.028701413422822952 27
1765824036057 0.028713852167129517 28
1765824036264 0.028657281771302223 29
1765824036512 0.028515538200736046 30
1765824036802 0.028280146420001984 31
1765824037060 0.027949243783950806 32
1765824037281 0.027526400983333588 33
1765824037523 0.027019338682293892 34
1765824037751 0.0264386348426342 35
1765824038053 0.025796443223953247 36
1765824038357 0.025105319917201996 37
1765824038615 0.024377180263400078 38
1765824038857 0.023998819291591644 39
1765824039083 0.023607714101672173 40
1765824039304 0.023204941302537918 41
1765824039509 0.022790919989347458 42
1765824039745 0.022365426644682884 43
1765824039933 0.02192760445177555 44
1765824040145 0.021476034075021744 45
1765824040355 0.021008748561143875 46
1765824040569 0.02052326686680317 47
1765824040783 0.020016681402921677 48
1765824040990 0.01948566362261772 49
1765824041247 0.019206197932362556 50
1765824041475 0.018912071362137794 51
1765824041666 0.018602939322590828 52
1765824041873 0.01827872358262539 53
1765824042075 0.017939666286110878 54
1765824042309 0.017586270347237587 55
1765824042588 0.01721932180225849 56
1765824042881 0.016839830204844475 57
1765824043140 0.01644902117550373 58
1765824043440 0.0160482507199049 59
1765824043644 0.015638990327715874 60
1765824043866 0.015430863946676254 61
1765824044079 0.01521978247910738 62
1765824044278 0.015006214380264282 63
1765824044487 0.014790604822337627 64
1765824044708 0.014573357068002224 65
1765824044915 0.014354837127029896 66
1765824045166 0.0141353914514184 67
1765824045428 0.013915332965552807 68
1765824045667 0.0136949447914958 69
1765824045872 0.013474471867084503 70
1765824046082 0.013254149816930294 71
1765824046290 0.01314404048025608 72
1765824046486 0.013033907860517502 73
1765824046689 0.012923798523843288 74
1765824046908 0.012813759967684746 75
1765824047104 0.01270382571965456 76
1765824047306 0.012594042345881462 77
1765824047522 0.012484434060752392 78
1765824047725 0.01237504929304123 79
1765824047930 0.012265904806554317 80
1765824048165 0.012157045304775238 81
1765824048353 0.012048494070768356 82
1765824048567 0.011994346976280212 83
1765824048771 0.011940289288759232 84
1765824048956 0.011886327527463436 85
1765824049175 0.011832460761070251 86
1765824049387 0.011778697371482849 87
1765824049595 0.011725037358701229 88
1765824049793 0.011671483516693115 89
1765824049997 0.01161804236471653 90
1765824050258 0.011564711108803749 91
1765824050553 0.011511501856148243 92
1765824050817 0.01145840808749199 93
1765824051053 0.011431914754211903 94
1765824051289 0.011405454017221928 95
1765824051511 0.011379028670489788 96
1765824051745 0.011352634988725185 97
1765824051949 0.011326281353831291 98
1765824052159 0.011299953795969486 99
1765824052442 0.011273660697042942 100
1765824052848 0.01124740019440651 101
1765824053086 0.011221165768802166 102
1765824053313 0.01119496300816536 103
1765824053530 0.011168789118528366 104
1765824027771 0.2597419321537018 0
