1765824027793 0.509648859500885 0
1765824028394 0.45184507966041565 1
1765824028818 0.3727249503135681 2
1765824029274 0.21003024280071259 3
1765824029634 0.4466405212879181 4
1765824030006 0.22188983857631683 5
1765824030488 0.17770107090473175 6
1765824030795 0.23149332404136658 7
1765824031214 0.2562764585018158 8
1765824031505 0.2593744099140167 9
1765824031760 0.24901412427425385 10
1765824031989 0.23024526238441467 11
1765824032229 0.2074790596961975 12
1765824032442 0.18633218109607697 13
1765824032668 0.1741182953119278 14
1765824032898 0.17536865174770355 15
1765824033094 0.18663638830184937 16
1765824033304 0.19096674025058746 17
1765824033630 0.19193509221076965 18
1765824033879 0.18977776169776917 19
1765824034070 0.185549795627594 20
1765824034308 0.18055593967437744 21
1765824034583 0.1759384721517563 22
1765824034848 0.17242814600467682 23
1765824035061 0.17027436196804047 24
1765824035372 0.1693270057439804 25
1765824035587 0.1691969782114029 26
1765824035840 0.16941490769386292 27
1765824036069 0.16945162415504456 28
1765824036274 0.1692846119403839 29
1765824036524 0.16886544227600098 30
1765824036815 0.16816702485084534 31
1765824037071 0.16718026995658875 32
1765824037294 0.16591082513332367 33
1765824037534 0.16437560319900513 34
1765824037762 0.1625996083021164 35
1765824038069 0.16061271727085114 36
1765824038368 0.15844658017158508 37
1765824038627 0.15613193809986115 38
1765824038867 0.15491552650928497 39
1765824039094 0.1536480188369751 40
1765824039314 0.15233168005943298 41
1765824039519 0.150966614484787 42
1765824039756 0.14955075085163116 43
1765824039943 0.14807972311973572 44
1765824040155 0.14654703438282013 45
1765824040366 0.1449439525604248 46
1765824040580 0.1432594358921051 47
1765824040793 0.14148032665252686 48
1765824040999 0.1395910531282425 49
1765824041258 0.13858643174171448 50
1765824041489 0.1375211626291275 51
1765824041679 0.13639259338378906 52
1765824041885 0.13519883155822754 53
1765824042085 0.13393904268741608 54
1765824042322 0.13261324167251587 55
1765824042601 0.1312224119901657 56
1765824042893 0.12976837158203125 57
1765824043152 0.1282537430524826 58
1765824043450 0.12668168544769287 59
1765824043655 0.1250559538602829 60
1765824043875 0.12422102689743042 61
1765824044090 0.12336847931146622 62
1765824044287 0.12249985337257385 63
1765824044498 0.12161663174629211 64
1765824044720 0.12072016298770905 65
1765824044925 0.11981167644262314 66
1765824045177 0.11889234930276871 67
1765824045440 0.1179632693529129 68
1765824045676 0.11702540516853333 69
1765824045882 0.11607959121465683 70
1765824046091 0.11512666940689087 71
1765824046300 0.11464746296405792 72
1765824046500 0.11416614055633545 73
1765824046702 0.11368288844823837 74
1765824046917 0.11319787800312042 75
1765824047114 0.11271125078201294 76
1765824047316 0.11222317814826965 77
1765824047532 0.11173376441001892 78
1765824047737 0.11124319583177567 79
1765824047940 0.11075154691934586 80
1765824048177 0.11025898903608322 81
1765824048363 0.10976563394069672 82
1765824048579 0.10951870679855347 83
1765824048781 0.10927163064479828 84
1765824048968 0.10902443528175354 85
1765824049185 0.10877711325883865 86
1765824049399 0.1085297092795372 87
1765824049604 0.10828220844268799 88
1765824049804 0.1080346405506134 89
1765824050009 0.10778702050447464 90
1765824050272 0.1075393483042717 91
1765824050566 0.10729166865348816 92
1765824050828 0.10704395174980164 93
1765824051064 0.10692013055086136 94
1765824051300 0.10679631680250168 95
1765824051523 0.10667253285646439 96
1765824051755 0.1065487414598465 97
1765824051959 0.10642500221729279 98
1765824052171 0.10630124062299728 99
1765824052456 0.10617749392986298 100
1765824052859 0.10605376213788986 101
1765824053097 0.10593000054359436 102
1765824053324 0.10580625385046005 103
1765824053542 0.10568249225616455 104
1765824027793 0.509648859500885 0
