1765824027815 0.47511574625968933 0
1765824028415 0.41311562061309814 1
1765824028834 0.33066654205322266 2
1765824029290 0.1752415895462036 3
1765824029647 0.41969364881515503 4
1765824030021 0.17520485818386078 5
1765824030504 0.14932683110237122 6
1765824030812 0.19406329095363617 7
1765824031227 0.21692542731761932 8
1765824031518 0.2197946459054947 9
1765824031769 0.2099679708480835 10
1765824032001 0.192792609333992 11
1765824032239 0.17286930978298187 12
1765824032453 0.15618835389614105 13
1765824032678 0.1476031094789505 14
1765824032908 0.1447477787733078 15
1765824033103 0.15129229426383972 16
1765824033313 0.15383553504943848 17
1765824033639 0.1543644517660141 18
1765824033888 0.15306033194065094 19
1765824034080 0.15048182010650635 20
1765824034321 0.1474219411611557 21
1765824034595 0.14456357061862946 22
1765824034857 0.14271172881126404 23
1765824035104 0.14255961775779724 24
1765824035381 0.14292828738689423 25
1765824035596 0.1432783454656601 26
1765824035849 0.14354200661182404 27
1765824036078 0.1435260772705078 28
1765824036285 0.14332666993141174 29
1765824036536 0.14293403923511505 30
1765824036827 0.14232100546360016 31
1765824037080 0.14147260785102844 32
1765824037305 0.1403922140598297 33
1765824037545 0.139093816280365 34
1765824037773 0.13758334517478943 35
1765824038085 0.13583964109420776 36
1765824038379 0.1338542103767395 37
1765824038639 0.13163024187088013 38
1765824038876 0.13042210042476654 39
1765824039104 0.12913988530635834 40
1765824039323 0.12779442965984344 41
1765824039528 0.12637419998645782 42
1765824039765 0.1249212846159935 43
1765824039952 0.12341532856225967 44
1765824040164 0.12188813835382462 45
1765824040375 0.1203487366437912 46
1765824040590 0.11875613033771515 47
1765824040803 0.1171095222234726 48
1765824041009 0.1154114231467247 49
1765824041269 0.11451657116413116 50
1765824041501 0.11357515305280685 51
1765824041690 0.11258537322282791 52
1765824041896 0.1115463599562645 53
1765824042095 0.11045679450035095 54
1765824042333 0.10931460559368134 55
1765824042616 0.10812219232320786 56
1765824042905 0.10687736421823502 57
1765824043162 0.10558367520570755 58
1765824043460 0.10424280911684036 59
1765824043665 0.10285312682390213 60
1765824043885 0.10214168578386307 61
1765824044099 0.10141368955373764 62
1765824044296 0.10066971182823181 63
1765824044507 0.09991023689508438 64
1765824044734 0.09913698583841324 65
1765824044934 0.098349429666996 66
1765824045189 0.09755163639783859 67
1765824045450 0.09674087911844254 68
1765824045686 0.0959169864654541 69
1765824045891 0.09508386254310608 70
1765824046100 0.09424241632223129 71
1765824046309 0.09381638467311859 72
1765824046511 0.09338637441396713 73
1765824046711 0.09295247495174408 74
1765824046927 0.09251639246940613 75
1765824047123 0.09207911789417267 76
1765824047324 0.09163832664489746 77
1765824047541 0.09119408577680588 78
1765824047746 0.09074650704860687 79
1765824047949 0.09029704332351685 80
1765824048189 0.08984550833702087 81
1765824048373 0.08939304947853088 82
1765824048590 0.08916567265987396 83
1765824048790 0.08893746882677078 84
1765824048978 0.08870849013328552 85
1765824049194 0.08847874402999878 86
1765824049408 0.08824826031923294 87
1765824049613 0.08801726996898651 88
1765824049814 0.08778645843267441 89
1765824050021 0.08755497634410858 90
1765824050288 0.08732292801141739 91
1765824050578 0.08709120750427246 92
1765824050838 0.08686014264822006 93
1765824051077 0.08674466609954834 94
1765824051310 0.08662910759449005 95
1765824051533 0.08651340752840042 96
1765824051765 0.08639755845069885 97
1765824051970 0.08628159761428833 98
1765824052182 0.08616544306278229 99
1765824052468 0.0860491693019867 100
1765824052870 0.08593275398015976 101
1765824053107 0.0858161672949791 102
1765824053335 0.08569945394992828 103
1765824053552 0.08558256179094315 104
1765824027815 0.47511574625968933 0
