1765999717790 0.6116071939468384 0
1765999717880 0.5973647236824036 1
1765999718003 0.5830825567245483 2
1765999718134 0.5703486204147339 3
1765999718249 0.5570803880691528 4
1765999718332 0.5436964631080627 5
1765999718418 0.530246913433075 6
1765999718496 0.5147635340690613 7
1765999718583 0.4968879818916321 8
1765999718659 0.47526779770851135 9
1765999718731 0.4476383924484253 10
1765999718814 0.4136175215244293 11
1765999718898 0.3716447055339813 12
1765999718979 0.320491224527359 13
1765999719061 0.25868654251098633 14
1765999719141 0.19566239416599274 15
1765999719233 0.1416836678981781 16
1765999719319 0.17651018500328064 17
1765999719407 0.23830758035182953 18
1765999719494 0.2509300410747528 19
1765999719583 0.22668951749801636 20
1765999719674 0.18521401286125183 21
1765999719756 0.14691805839538574 22
1765999719837 0.13538981974124908 23
1765999719920 0.14510884881019592 24
1765999719999 0.16204310953617096 25
1765999720082 0.1764180064201355 26
1765999720165 0.1869533210992813 27
1765999720258 0.19308064877986908 28
1765999720348 0.1943320780992508 29
1765999720437 0.1908903867006302 30
1765999720526 0.18325434625148773 31
1765999720614 0.17229489982128143 32
1765999720697 0.1588786393404007 33
1765999720775 0.14349964261054993 34
1765999720856 0.1274346113204956 35
1765999720943 0.11418692022562027 36
1765999721025 0.10697631537914276 37
1765999721108 0.10603885352611542 38
1765999721196 0.1084422767162323 39
1765999721278 0.11063200980424881 40
1765999721355 0.10841640830039978 41
1765999721430 0.10113278776407242 42
1765999721512 0.09192582964897156 43
1765999721591 0.08497582376003265 44
1765999721674 0.08202701807022095 45
1765999721765 0.0841878280043602 46
1765999721849 0.08827955275774002 47
1765999721936 0.09105938673019409 48
1765999722013 0.08997463434934616 49
1765999722098 0.08414863049983978 50
1765999722176 0.07490139454603195 51
1765999722254 0.06548425555229187 52
1765999722340 0.060456257313489914 53
1765999722416 0.06135658174753189 54
1765999722501 0.06571114808320999 55
1765999722591 0.06700338423252106 56
1765999722664 0.06279925256967545 57
1765999722749 0.05602597817778587 58
1765999722831 0.052294887602329254 59
1765999722910 0.053831521421670914 60
1765999722997 0.05690800026059151 61
1765999723084 0.05733958259224892 62
1765999723159 0.05410296097397804 63
1765999723240 0.050841428339481354 64
1765999723335 0.05149591341614723 65
1765999723417 0.0545789934694767 66
1765999723492 0.05550675466656685 67
1765999723573 0.05484848469495773 68
1765999723651 0.05317975953221321 69
1765999723727 0.05163091421127319 70
1765999723808 0.0506388358771801 71
1765999723892 0.05044085904955864 72
1765999723983 0.050900738686323166 73
1765999724062 0.051235131919384 74
1765999724136 0.05109196528792381 75
1765999724218 0.050599511712789536 76
1765999724303 0.05015842616558075 77
1765999724391 0.050137195736169815 78
1765999724473 0.050250254571437836 79
1765999724551 0.050451479852199554 80
1765999724639 0.05067119374871254 81
1765999724723 0.050835076719522476 82
1765999724809 0.050927598029375076 83
1765999724891 0.05092790350317955 84
1765999724966 0.05082939565181732 85
1765999725051 0.05066705122590065 86
1765999725138 0.05046548694372177 87
1765999725234 0.050247788429260254 88
1765999725326 0.05014360323548317 89
1765999725425 0.05005049705505371 90
1765999725518 0.049966197460889816 91
1765999725611 0.049896348267793655 92
1765999725706 0.049840282648801804 93
1765999725794 0.04979962483048439 94
1765999725874 0.049769215285778046 95
1765999725961 0.04974735155701637 96
1765999726049 0.049731675535440445 97
1765999726136 0.04972079023718834 98
1765999726231 0.04971456900238991 99
1765999726329 0.04971357807517052 100
1765999726408 0.049714263528585434 101
1765999726498 0.049717023968696594 102
1765999726590 0.049721360206604004 103
1765999726681 0.04972856491804123 104
1765999726768 0.04973694682121277 105
1765999726858 0.04974546656012535 106
1765999726927 0.04975474998354912 107
1765999727013 0.04976353794336319 108
1765999727099 0.049771975725889206 109
1765999727185 0.04978003352880478 110
1765999727273 0.04978323355317116 111
1765999727348 0.04978560283780098 112
1765999727438 0.04978714510798454 113
1765999727523 0.049787864089012146 114
1765999727613 0.049787793308496475 115
1765999727686 0.04978696256875992 116
1765999727772 0.04978540167212486 117
1765999727858 0.04978315159678459 118
1765999727947 0.049780260771512985 119
1765999728024 0.04977678507566452 120
1765999728102 0.049772780388593674 121
1765999728188 0.0497705414891243 122
1765999728281 0.04976809397339821 123
1765999728373 0.049765441566705704 124
1765999728461 0.04976263642311096 125
1765999728539 0.049759674817323685 126
1765999728615 0.04975659400224686 127
1765999728695 0.049753401428461075 128
1765999728784 0.04975012689828873 129
1765999728857 0.049746789038181305 130
1765999728941 0.049743395298719406 131
1765999729024 0.049739956855773926 132
1765999729099 0.04973824694752693 133
1765999729181 0.04973657801747322 134
1765999729265 0.04973491653800011 135
1765999729350 0.0497332438826561 136
1765999729439 0.049731574952602386 137
1765999729526 0.04972989857196808 138
1765999729613 0.049728237092494965 139
1765999729699 0.04972658306360245 140
1765999729783 0.04972492530941963 141
1765999729870 0.04972328618168831 142
1765999729958 0.04972165450453758 143
1765999730038 0.049720846116542816 144
1765999730125 0.04972004517912865 145
1765999730204 0.049719247967004776 146
1765999730290 0.049718454480171204 147
1765999730381 0.04971766099333763 148
1765999730470 0.04971688613295555 149
1765999730559 0.04971610754728317 150
1765999730661 0.04971534013748169 151
1765999730763 0.04971456527709961 152
1765999730868 0.04971380531787872 153
1765999730956 0.04971304163336754 154
1765999717790 0.6116071939468384 0
