1765999717768 0.4474684000015259 0
1765999717855 0.42891526222229004 1
1765999717973 0.4106444716453552 2
1765999718104 0.39445358514785767 3
1765999718230 0.3772536516189575 4
1765999718313 0.360099732875824 5
1765999718401 0.3430120348930359 6
1765999718475 0.32355645298957825 7
1765999718564 0.30131232738494873 8
1765999718641 0.2754596173763275 9
1765999718713 0.2437300831079483 10
1765999718796 0.2074992060661316 11
1765999718881 0.16644708812236786 12
1765999718963 0.12224853038787842 13
1765999719041 0.07908379286527634 14
1765999719121 0.04604391008615494 15
1765999719211 0.03694896772503853 16
1765999719302 0.059309378266334534 17
1765999719384 0.08597184717655182 18
1765999719474 0.09186507016420364 19
1765999719566 0.08028459548950195 20
1765999719654 0.062149327248334885 21
1765999719737 0.04622206836938858 22
1765999719817 0.036653485149145126 23
1765999719897 0.03356950357556343 24
1765999719981 0.03493598476052284 25
1765999720065 0.03832872211933136 26
1765999720145 0.041970618069171906 27
1765999720236 0.04454301670193672 28
1765999720327 0.04512923210859299 29
1765999720417 0.04362199082970619 30
1765999720506 0.040366921573877335 31
1765999720593 0.03605955094099045 32
1765999720676 0.03146611526608467 33
1765999720755 0.027201298624277115 34
1765999720838 0.023899583145976067 35
1765999720926 0.022020431235432625 36
1765999721006 0.021630054339766502 37
1765999721087 0.022287435829639435 38
1765999721177 0.023122552782297134 39
1765999721258 0.02317548729479313 40
1765999721336 0.021881062537431717 41
1765999721411 0.019370317459106445 42
1765999721490 0.01634095422923565 43
1765999721571 0.013677716255187988 44
1765999721656 0.012055198661983013 45
1765999721745 0.011565416119992733 46
1765999721829 0.011730133555829525 47
1765999721916 0.01186766754835844 48
1765999721995 0.011426768265664577 49
1765999722079 0.01022599171847105 50
1765999722157 0.008541726507246494 51
1765999722232 0.006984170991927385 52
1765999722318 0.006168846040964127 53
1765999722398 0.006265552714467049 54
1765999722481 0.006732941139489412 55
1765999722570 0.006742183119058609 56
1765999722646 0.0059796832501888275 57
1765999722729 0.004936619661748409 58
1765999722810 0.004383102525025606 59
1765999722889 0.0045959921553730965 60
1765999722979 0.005091293249279261 61
1765999723063 0.005174195859581232 62
1765999723140 0.00469332467764616 63
1765999723218 0.004156164824962616 64
1765999723314 0.004116972908377647 65
1765999723397 0.004509779624640942 66
1765999723474 0.004627222660928965 67
1765999723554 0.004550511483103037 68
1765999723632 0.004348900634795427 69
1765999723709 0.004160260781645775 70
1765999723791 0.004091836046427488 71
1765999723873 0.004154922440648079 72
1765999723964 0.0042724646627902985 73
1765999724044 0.00434489268809557 74
1765999724117 0.004320519044995308 75
1765999724199 0.004220797214657068 76
1765999724282 0.004112436436116695 77
1765999724372 0.004074955824762583 78
1765999724455 0.004054739605635405 79
1765999724533 0.004051981959491968 80
1765999724622 0.004060948733240366 81
1765999724705 0.004072958137840033 82
1765999724788 0.004079977981746197 83
1765999724870 0.004077213816344738 84
1765999724948 0.004064209759235382 85
1765999725034 0.00404422078281641 86
1765999725116 0.004022371955215931 87
1765999725214 0.004003605339676142 88
1765999725306 0.003996429033577442 89
1765999725400 0.003990969620645046 90
1765999725493 0.003987164236605167 91
1765999725589 0.003984703216701746 92
1765999725684 0.00398312509059906 93
1765999725776 0.003981902729719877 94
1765999725854 0.003980546724051237 95
1765999725940 0.003978706430643797 96
1765999726029 0.003976193256676197 97
1765999726114 0.003972990438342094 98
1765999726207 0.003969225566834211 99
1765999726308 0.003967147786170244 100
1765999726389 0.0039649358950555325 101
1765999726475 0.003962671384215355 102
1765999726568 0.003960425965487957 103
1765999726661 0.003958261106163263 104
1765999726747 0.003956222906708717 105
1765999726838 0.003954342566430569 106
1765999726907 0.003952628932893276 107
1765999726993 0.003951078746467829 108
1765999727079 0.003949675243347883 109
1765999727165 0.0039483942091465 110
1765999727252 0.003947788849473 111
1765999727327 0.003947197925299406 112
1765999727419 0.003946615383028984 113
1765999727504 0.003946035169064999 114
1765999727593 0.003945453558117151 115
1765999727666 0.003944867290556431 116
1765999727752 0.003944274969398975 117
1765999727839 0.00394367054104805 118
1765999727928 0.003943059127777815 119
1765999728003 0.003942437935620546 120
1765999728083 0.0039418102242052555 121
1765999728169 0.003941492643207312 122
1765999728261 0.003941172733902931 123
1765999728355 0.003940849099308252 124
1765999728443 0.003940524533390999 125
1765999728519 0.003940197639167309 126
1765999728596 0.003939869347959757 127
1765999728675 0.003939541056752205 128
1765999728764 0.003939212299883366 129
1765999728835 0.003938883543014526 130
1765999728920 0.003938555717468262 131
1765999729006 0.003938228357583284 132
1765999729079 0.003938064444810152 133
1765999729164 0.003937900997698307 134
1765999729243 0.003937737550586462 135
1765999729331 0.003937575034797192 136
1765999729420 0.003937411122024059 137
1765999729508 0.003937247674912214 138
1765999729594 0.003937084693461657 139
1765999729682 0.0039369226433336735 140
1765999729762 0.003936759661883116 141
1765999729851 0.003936597146093845 142
1765999729940 0.003936434630304575 143
1765999730019 0.003936353139579296 144
1765999730108 0.003936272580176592 145
1765999730186 0.003936190623790026 146
1765999730271 0.003936109598726034 147
1765999730359 0.003936027642339468 148
1765999730450 0.0039359466172754765 149
1765999730538 0.00393586466088891 150
1765999730635 0.003935782704502344 151
1765999730741 0.003935700282454491 152
1765999730844 0.003935618791729212 153
1765999730938 0.003935536369681358 154
1765999717768 0.4474684000015259 0
