1765999717779 0.6689307689666748 0
1765999717868 0.6549162268638611 1
1765999717989 0.6408154964447021 2
1765999718119 0.6280553936958313 3
1765999718241 0.614209771156311 4
1765999718323 0.6000831127166748 5
1765999718410 0.5856723189353943 6
1765999718486 0.5688202381134033 7
1765999718575 0.5489192605018616 8
1765999718650 0.5248424410820007 9
1765999718722 0.49369028210639954 10
1765999718805 0.4555208086967468 11
1765999718890 0.407979279756546 12
1765999718971 0.3496405780315399 13
1765999719052 0.28121840953826904 14
1765999719132 0.21457844972610474 15
1765999719223 0.19222114980220795 16
1765999719311 0.24353516101837158 17
1765999719396 0.2932095527648926 18
1765999719484 0.30309250950813293 19
1765999719574 0.28334537148475647 20
1765999719664 0.24929766356945038 21
1765999719746 0.2149931788444519 22
1765999719828 0.19145099818706512 23
1765999719910 0.1832198202610016 24
1765999719990 0.1869117021560669 25
1765999720074 0.19577722251415253 26
1765999720155 0.20486731827259064 27
1765999720247 0.21105216443538666 28
1765999720338 0.21243642270565033 29
1765999720428 0.20885878801345825 30
1765999720517 0.20091520249843597 31
1765999720604 0.18989352881908417 32
1765999720687 0.17738690972328186 33
1765999720764 0.16492816805839539 34
1765999720848 0.15459489822387695 35
1765999720935 0.14839282631874084 36
1765999721016 0.14707159996032715 37
1765999721098 0.14928977191448212 38
1765999721186 0.15206101536750793 39
1765999721268 0.1522349715232849 40
1765999721347 0.14792248606681824 41
1765999721421 0.13917729258537292 42
1765999721502 0.12783174216747284 43
1765999721580 0.11695177108049393 44
1765999721665 0.10979616641998291 45
1765999721755 0.10754262655973434 46
1765999721839 0.10830574482679367 47
1765999721927 0.10893882811069489 48
1765999722005 0.1068960651755333 49
1765999722089 0.10112364590167999 50
1765999722167 0.09242146462202072 51
1765999722242 0.08357135206460953 52
1765999722329 0.07854200154542923 53
1765999722408 0.07915524393320084 54
1765999722491 0.082054503262043 55
1765999722580 0.08211079984903336 56
1765999722656 0.07732841372489929 57
1765999722740 0.07026108354330063 58
1765999722821 0.06620500236749649 59
1765999722900 0.06779374927282333 60
1765999722989 0.07135330140590668 61
1765999723074 0.0719318836927414 62
1765999723149 0.0685078427195549 63
1765999723230 0.06446832418441772 64
1765999723325 0.06416364014148712 65
1765999723408 0.0671548917889595 66
1765999723483 0.0680236890912056 67
1765999723565 0.06745748221874237 68
1765999723641 0.06594619154930115 69
1765999723718 0.06450008600950241 70
1765999723800 0.06396745890378952 71
1765999723883 0.0644586905837059 72
1765999723973 0.06536409258842468 73
1765999724054 0.0659158006310463 74
1765999724127 0.06573065370321274 75
1765999724209 0.06496766209602356 76
1765999724293 0.06412827968597412 77
1765999724382 0.06383538246154785 78
1765999724464 0.06367683410644531 79
1765999724543 0.06365518271923065 80
1765999724631 0.06372557580471039 81
1765999724714 0.06381972879171371 82
1765999724799 0.06387470662593842 83
1765999724881 0.06385306268930435 84
1765999724957 0.06375115364789963 85
1765999725043 0.06359418481588364 86
1765999725127 0.06342217326164246 87
1765999725224 0.06327404826879501 88
1765999725317 0.06321731954813004 89
1765999725413 0.06317412108182907 90
1765999725506 0.06314399838447571 91
1765999725601 0.06312450766563416 92
1765999725695 0.06311200559139252 93
1765999725786 0.06310231983661652 94
1765999725865 0.06309157609939575 95
1765999725951 0.06307698786258698 96
1765999726039 0.0630570650100708 97
1765999726125 0.06303165853023529 98
1765999726219 0.06300178915262222 99
1765999726319 0.06298530101776123 100
1765999726399 0.06296773999929428 101
1765999726487 0.0629497542977333 102
1765999726580 0.06293191760778427 103
1765999726672 0.06291471421718597 104
1765999726758 0.06289850920438766 105
1765999726849 0.06288356333971024 106
1765999726918 0.06286993622779846 107
1765999727003 0.06285760551691055 108
1765999727089 0.06284644454717636 109
1765999727176 0.06283625215291977 110
1765999727262 0.06283143162727356 111
1765999727338 0.0628267303109169 112
1765999727428 0.06282209604978561 113
1765999727515 0.06281747668981552 114
1765999727603 0.06281284242868423 115
1765999727676 0.06280817836523056 116
1765999727763 0.06280346214771271 117
1765999727850 0.0627986490726471 118
1765999727938 0.0627937838435173 119
1765999728014 0.06278883665800095 120
1765999728094 0.06278383731842041 121
1765999728178 0.06278131157159805 122
1765999728271 0.0627787634730339 123
1765999728364 0.06277618557214737 124
1765999728453 0.06277360022068024 125
1765999728530 0.06277099251747131 126
1765999728607 0.0627683773636818 127
1765999728684 0.06276576220989227 128
1765999728774 0.06276314705610275 129
1765999728846 0.06276052445173264 130
1765999728931 0.06275791674852371 131
1765999729015 0.06275530904531479 132
1765999729089 0.06275399774312973 133
1765999729173 0.06275269389152527 134
1765999729255 0.0627513974905014 135
1765999729340 0.06275010108947754 136
1765999729430 0.06274879723787308 137
1765999729518 0.06274749338626862 138
1765999729604 0.06274618953466415 139
1765999729691 0.06274490058422089 140
1765999729774 0.06274360418319702 141
1765999729862 0.06274230778217316 142
1765999729949 0.06274101138114929 143
1765999730027 0.06274036318063736 144
1765999730116 0.06273972243070602 145
1765999730195 0.0627390667796135 146
1765999730280 0.06273841857910156 147
1765999730370 0.06273777037858963 148
1765999730460 0.0627371221780777 149
1765999730548 0.06273646652698517 150
1765999730648 0.06273581832647324 151
1765999730753 0.0627351626753807 152
1765999730857 0.06273450702428818 153
1765999730947 0.06273385137319565 154
1765999717779 0.6689307689666748 0
